93.8028 8.59434 -0.847167 0
93.6007042970406 8.82308334739791 -0.847170052728416 0
93.3986085941092 9.05182669482051 -0.847170052728416 0
93.1965128911777 9.2805700422431 -0.847170052728416 0
92.9944171882463 9.50931338966569 -0.847170052728416 0
92.7923214853148 9.73805673708829 -0.847170052728416 0
92.5902257823834 9.96680008451088 -0.847170052728416 0
92.3881300794519 10.1955434319335 -0.847170052728416 0
92.1860343765205 10.4242867793561 -0.847170052728416 0
91.983938673589 10.6530301267787 -0.847170052728416 0
91.7818429706576 10.8817734742013 -0.847170052728416 0
91.5797472677261 11.1105168216239 -0.847170052728416 0
91.3776515647947 11.3392601690464 -0.847170052728416 0
91.1755558618632 11.568003516469 -0.847170052728416 0
90.9734601589318 11.7967468638916 -0.847170052728416 0
90.7713644560003 12.0254902113142 -0.847170052728416 0
90.5692687530689 12.2542335587368 -0.847170052728416 0
90.3671730501374 12.4829769061594 -0.847170052728416 0
90.165077347206 12.711720253582 -0.847170052728416 0
89.9629816442745 12.9404636010046 -0.847170052728416 0
89.7699119429553 13.1673695804604 -0.884413444286947 0
89.5839285390563 13.4001369501034 -0.899864528070405 0
89.3986900154015 13.6335018641334 -0.899864528070405 0
89.2134514917466 13.8668667781634 -0.899864528070405 0
89.0282129680918 14.1002316921934 -0.899864528070405 0
88.8429744444369 14.3335966062233 -0.899864528070405 0
88.6577359207821 14.5669615202533 -0.899864528070405 0
88.4724973971273 14.8003264342833 -0.899864528070405 0
88.2872588734724 15.0336913483133 -0.899864528070405 0
88.1020203498176 15.2670562623433 -0.899864528070405 0
87.9167818261628 15.5004211763733 -0.899864528070405 0
87.7315433025079 15.7337860904033 -0.899864528070405 0
87.5463047788531 15.9671510044333 -0.899864528070405 0
87.3610662551983 16.2005159184633 -0.899864528070405 0
87.1758277315434 16.4338808324933 -0.899864528070405 0
86.9905892078886 16.6672457465233 -0.899864528070405 0
86.8053506842337 16.9006106605533 -0.899864528070405 0
86.6201121605789 17.1339755745833 -0.899864528070405 0
86.4348736369241 17.3673404886133 -0.899864528070405 0
86.2496351132692 17.6007054026433 -0.899864528070405 0
86.0643965896144 17.8340703166733 -0.899864528070405 0
85.8791580659595 18.0674352307033 -0.899864528070405 0
85.6939195423047 18.3008001447333 -0.899864528070405 0
85.5086810186499 18.5341650587633 -0.899864528070405 0
85.323442494995 18.7675299727933 -0.899864528070405 0
85.1382039713402 19.0008948868233 -0.899864528070405 0
84.9529654476854 19.2342598008533 -0.899864528070405 0
84.7677269240305 19.4676247148833 -0.899864528070405 0
84.5824884003757 19.7009896289133 -0.899864528070405 0
84.3972498767208 19.9343545429433 -0.899864528070405 0
84.212011353066 20.1677194569733 -0.899864528070405 0
84.0267728294112 20.4010843710033 -0.899864528070405 0
83.8415343057563 20.6344492850333 -0.899864528070405 0
83.6562957821015 20.8678141990632 -0.899864528070405 0
83.4710572584466 21.1011791130932 -0.899864528070405 0
83.2858187347918 21.3345440271232 -0.899864528070405 0
83.100580211137 21.5679089411532 -0.899864528070405 0
82.9153416874821 21.8012738551832 -0.899864528070405 0
82.7301031638273 22.0346387692132 -0.899864528070405 0
82.5448646401724 22.2680036832432 -0.899864528070405 0
82.3596261165176 22.5013685972732 -0.899864528070405 0
82.1743875928628 22.7347335113032 -0.899864528070405 0
81.9891490692079 22.9680984253332 -0.899864528070405 0
81.8039105455531 23.2014633393632 -0.899864528070405 0
81.6186720218983 23.4348282533932 -0.899864528070405 0
81.4334334982434 23.6681931674232 -0.899864528070405 0
81.2481949745886 23.9015580814532 -0.899864528070405 0
81.0629564509338 24.1349229954832 -0.899864528070405 0
80.8777179272789 24.3682879095132 -0.899864528070405 0
80.6924794036241 24.6016528235432 -0.899864528070405 0
80.5059614692028 24.8339880147425 -0.879601627436821 0
80.3118021772048 25.0599623549033 -0.84235823587829 0
80.1093634205692 25.2785505130733 -0.805114844319759 0
79.8989259636102 25.4894493271737 -0.767871452761228 0
79.6807816641185 25.692366299553 -0.730628061202697 0
79.455233068581 25.887020002655 -0.693384669644166 0
79.2225929925757 26.0731404693334 -0.656141278085635 0
78.9831840869255 26.2504695672719 -0.618897886527104 0
78.7457443726116 26.4262829923932 -0.655830659281431 0
78.5149583785102 26.6107438373249 -0.692763432035757 0
78.291140867791 26.8036005205945 -0.729696204790084 0
78.0745970994857 27.0045900098582 -0.766628977544411 0
77.8656224121534 27.2134381806443 -0.803561750298737 0
77.6640820186176 27.4294778521085 -0.823644883529967 0
77.4593435166768 27.6424804910813 -0.786712110775641 0
77.2468796438002 27.8477780339516 -0.749779338021314 0
77.0269801740806 28.0450904806025 -0.712846565266988 0
76.7999450228331 28.2341487215875 -0.675913792512661 0
76.5660838375479 28.414694905162 -0.638981019758334 0
76.3257155755701 28.5864827889609 -0.602048247004008 0
76.0791680690819 28.7492780758422 -0.565115474249681 0
75.8267775779803 28.9028587334388 -0.528182701495355 0
75.5688883312612 29.0470152969834 -0.491249928741028 0
75.3058520575339 29.1815511549916 -0.454317155986701 0
75.0380275053074 29.3062828174153 -0.417384383232374 0
74.7657799537024 29.4210401659006 -0.380451610478048 0
74.4894807142564 29.5256666858077 -0.343518837723721 0
74.2095066245012 29.620019679677 -0.306586064969395 0
73.9750634367275 29.690393009393 -0.269653292215068 0
74.2612371871593 29.6169589372593 -0.232720519460741 0
74.5499272923984 29.5541417300359 -0.195787746706415 0
74.8407400153251 29.5020270625204 -0.158854973952088 0
75.1332787238352 29.4606860125871 -0.121922201197761 0
75.4271444317963 29.4301749642466 -0.0849894284434349 0
75.7219363432153 29.4105355307446 -0.0480566556891082 0
75.4205692395849 29.4307378672037 -0.0858143338814401 0
75.1199838472126 29.4605213993833 -0.102409735782579 0
74.8195050107574 29.4914013870927 -0.102409735782579 0
74.5190261743021 29.5222813748021 -0.102409735782579 0
74.2185473378468 29.5531613625115 -0.102409735782579 0
73.9180685013916 29.5840413502209 -0.102409735782579 0
73.6175896649363 29.6149213379303 -0.102409735782579 0
73.317110828481 29.6458013256397 -0.102409735782579 0
73.0166319920258 29.6766813133491 -0.102409735782579 0
72.7161531555705 29.7075613010586 -0.102409735782579 0
72.4156743191152 29.738441288768 -0.102409735782579 0
72.11519548266 29.7693212764774 -0.102409735782579 0
71.8147166462047 29.8002012641868 -0.102409735782579 0
71.5142378097494 29.8310812518962 -0.102409735782579 0
71.2137589732941 29.8619612396056 -0.102409735782579 0
70.9132801368389 29.892841227315 -0.102409735782579 0
70.6128013003836 29.9237212150244 -0.102409735782579 0
70.3124051399112 29.9553705910786 -0.116318562120302 0
70.0131178812564 29.9960817978386 -0.154076240312634 0
69.7155807309692 30.0480616953756 -0.191833918504966 0
69.420217820194 30.1112361877545 -0.229591596697298 0
69.1274501807553 30.1855152214483 -0.267349274889629 0
68.8376951449891 30.2707929137077 -0.305106953081961 0
68.5503904600392 30.3553990207266 -0.267666864589366 0
68.2601201975725 30.4291916359846 -0.230226776096771 0
67.9672911993701 30.4920673320112 -0.192786687604176 0
67.6723138935277 30.5439379824515 -0.155346599111581 0
67.375601719202 30.5847308855839 -0.117906510618986 0
67.0775705471348 30.6143888662187 -0.0804664221263912 0
66.7786380967707 30.6328703558342 -0.0430263336337962 0
66.4792492318746 30.6415738542762 -0.0244585306326591 0
66.1798181090648 30.6488989602984 -0.0244585306326591 0
65.8803869862551 30.6562240663206 -0.0244585306326591 0
65.5809558634454 30.6635491723427 -0.0244585306326591 0
65.2815247406356 30.6708742783649 -0.0244585306326591 0
64.9820936178259 30.678199384387 -0.0244585306326591 0
64.6826624950162 30.6855244904092 -0.0244585306326591 0
64.3832313722064 30.6928495964314 -0.0244585306326591 0
64.0838002493967 30.7001747024535 -0.0244585306326591 0
63.784369126587 30.7074998084757 -0.0244585306326591 0
63.4849380037772 30.7148249144979 -0.0244585306326591 0
63.1855068809675 30.72215002052 -0.0244585306326591 0
62.8860757581578 30.7294751265422 -0.0244585306326591 0
62.586644635348 30.7368002325643 -0.0244585306326591 0
62.2872135125383 30.7441253385865 -0.0244585306326591 0
61.9877823897286 30.7514504446087 -0.0244585306326591 0
61.6883512669188 30.7587755506308 -0.0244585306326591 0
61.3889201441091 30.766100656653 -0.0244585306326591 0
61.0894890212993 30.7734257626752 -0.0244585306326591 0
60.7900578984896 30.7807508686973 -0.0244585306326591 0
60.4906267756799 30.7880759747195 -0.0244585306326591 0
60.1911956528701 30.7954010807417 -0.0244585306326591 0
59.8917645300604 30.8027261867638 -0.0244585306326591 0
59.5923334072507 30.810051292786 -0.0244585306326591 0
59.2929022844409 30.8173763988081 -0.0244585306326591 0
58.9934711616312 30.8247015048303 -0.0244585306326591 0
58.6940400388215 30.8320266108525 -0.0244585306326591 0
58.3946089160117 30.8393517168746 -0.0244585306326591 0
58.095177793202 30.8466768228968 -0.0244585306326591 0
57.795749354317 30.8541045522401 -0.0295245568099618 0
57.496982304375 30.8685223705182 -0.0669160766733643 0
57.1989630655789 30.8940988621138 -0.104307596536767 0
56.9021082577587 30.9307982720412 -0.141699116400169 0
56.6068328729134 30.9785692958881 -0.179090636263572 0
56.3135496950669 31.037345151537 -0.216482156126974 0
56.0226687232121 31.107043672524 -0.253873675990377 0
55.7345965981469 31.1875674229049 -0.291265195853779 0
55.4497360340058 31.2788038334664 -0.328656715717181 0
55.1684852552802 31.3806253590943 -0.366048235580584 0
54.8912374401156 31.4928896570766 -0.403439755443986 0
54.6183801706633 31.6154397860931 -0.440831275307389 0
54.3498927354436 31.7473093290561 -0.46329781133036 0
54.0822940206619 31.8809917001441 -0.46329781133036 0
53.8146953058803 32.0146740712322 -0.46329781133036 0
53.5470965910987 32.1483564423202 -0.46329781133036 0
53.2794978763171 32.2820388134082 -0.46329781133036 0
53.0118991615354 32.4157211844962 -0.46329781133036 0
52.7443004467538 32.5494035555842 -0.46329781133036 0
52.4767017319721 32.6830859266722 -0.46329781133036 0
52.2106458040843 32.8197830729047 -0.492395404867506 0
51.9497545518914 32.9660888422516 -0.529786924730908 0
51.6945149782467 33.1220451940319 -0.567178444594311 0
51.4452838985968 33.2874341070566 -0.604569964457713 0
51.2024097287368 33.4620243737664 -0.641961484321115 0
50.9662319977381 33.6455719234512 -0.679353004184518 0
50.7370808732991 33.8378201634517 -0.71674452404792 0
50.5152767001831 34.0385003378668 -0.754136043911323 0
50.3011295523884 34.2473319032643 -0.791527563774725 0
50.094938799676 34.4640229208696 -0.828919083638128 0
49.8969926890621 34.6882704646863 -0.86631060350153 0
49.7075679418596 34.9197610449746 -0.903702123364932 0
49.5269293668313 35.1581710464987 -0.941093643228335 0
49.355329489998 35.4031671809289 -0.978485163091737 0
49.1930082016157 35.6544069527663 -1.01587668295514 0
49.0401924208185 35.9115391381385 -1.05326820281854 0
48.8970957783936 36.1742042757981 -1.09065972268194 0
48.7633234561469 36.4432900678554 -1.12822483646494 0
48.6397513696009 36.7172100143964 -1.16578995024793 0
48.5265538754897 36.9955776220905 -1.20335506403092 0
48.4238906922897 37.2780001220824 -1.24092017781391 0
48.3319066748615 37.5640790241779 -1.27848529159691 0
48.250731610063 37.8534106791024 -1.3160504053799 0
48.180480033625 38.1455868480388 -1.35361551916289 0
48.1212510685432 38.4401952786407 -1.39118063294588 0
48.0731282852195 38.7368202867091 -1.42874574672888 0
48.0361795835459 39.0350433427109 -1.46631086051187 0
48.0104570971001 39.3344436623123 -1.50387597429486 0
47.995997119586 39.6345988000939 -1.54144108807785 0
47.9890412583235 39.9350388327236 -1.54826868608882 0
47.9822718038432 40.2354834898436 -1.54826868608882 0
47.9755023493629 40.5359281469635 -1.54826868608882 0
47.9687328948827 40.8363728040834 -1.54826868608882 0
47.9619634404024 41.1368174612033 -1.54826868608882 0
47.9551939859222 41.4372621183232 -1.54826868608882 0
47.9484245314419 41.7377067754432 -1.54826868608882 0
47.9416550769617 42.0381514325631 -1.54826868608882 0
47.9348856224814 42.338596089683 -1.54826868608882 0
47.9281161680011 42.6390407468029 -1.54826868608882 0
47.9213467135209 42.9394854039228 -1.54826868608882 0
47.9145772590406 43.2399300610428 -1.54826868608882 0
47.9078078045603 43.5403747181627 -1.54826868608882 0
47.9010383500801 43.8408193752826 -1.54826868608882 0
47.8942688955998 44.1412640324025 -1.54826868608882 0
47.8874994411196 44.4417086895224 -1.54826868608882 0
47.8807299866393 44.7421533466424 -1.54826868608882 0
47.8739605321591 45.0425980037623 -1.54826868608882 0
47.8671910776788 45.3430426608822 -1.54826868608882 0
47.8604216231985 45.6434873180021 -1.54826868608882 0
47.8536521687183 45.943931975122 -1.54826868608882 0
47.846882714238 46.244376632242 -1.54826868608882 0
47.8401132597578 46.5448212893619 -1.54826868608882 0
47.8333438052775 46.8452659464818 -1.54826868608882 0
47.8265743507972 47.1457106036017 -1.54826868608882 0
47.819804896317 47.4461552607216 -1.54826868608882 0
47.8130354418367 47.7465999178416 -1.54826868608882 0
47.8062659873565 48.0470445749615 -1.54826868608882 0
47.7994965328762 48.3474892320814 -1.54826868608882 0
47.7927270783959 48.6479338892013 -1.54826868608882 0
47.7859576239157 48.9483785463212 -1.54826868608882 0
47.7791881694354 49.2488232034412 -1.54826868608882 0
47.7724187149552 49.5492678605611 -1.54826868608882 0
47.7656492604749 49.849712517681 -1.54826868608882 0
47.7588798059946 50.1501571748009 -1.54826868608882 0
47.7521103515144 50.4506018319208 -1.54826868608882 0
47.7453408970341 50.7510464890408 -1.54826868608882 0
47.7385714425539 51.0514911461607 -1.54826868608882 0
47.7318019880736 51.3519358032806 -1.54826868608882 0
47.7250325335933 51.6523804604005 -1.54826868608882 0
47.7182630791131 51.9528251175204 -1.54826868608882 0
47.7114936246328 52.2532697746404 -1.54826868608882 0
47.7047241701526 52.5537144317603 -1.54826868608882 0
47.6979547156723 52.8541590888802 -1.54826868608882 0
47.691185261192 53.1546037460001 -1.54826868608882 0
47.6844158067118 53.45504840312 -1.54826868608882 0
47.6776463522315 53.75549306024 -1.54826868608882 0
47.6708768977513 54.0559377173599 -1.54826868608882 0
47.664107443271 54.3563823744798 -1.54826868608882 0
47.6573379887907 54.6568270315997 -1.54826868608882 0
47.6505685343105 54.9572716887196 -1.54826868608882 0
47.6437990798302 55.2577163458396 -1.54826868608882 0
47.63702962535 55.5581610029595 -1.54826868608882 0
47.6302601708697 55.8586056600794 -1.54826868608882 0
47.6234907163894 56.1590503171993 -1.54826868608882 0
47.6167212619092 56.4594949743192 -1.54826868608882 0
47.6099518074289 56.7599396314392 -1.54826868608882 0
47.6031823529487 57.0603842885591 -1.54826868608882 0
47.5964128984684 57.360828945679 -1.54826868608882 0
47.5896434439881 57.6612736027989 -1.54826868608882 0
47.5828739895079 57.9617182599188 -1.54826868608882 0
47.5761045350276 58.2621629170388 -1.54826868608882 0
47.5693350805474 58.5626075741587 -1.54826868608882 0
47.5625656260671 58.8630522312786 -1.54826868608882 0
47.5557961715868 59.1634968883985 -1.54826868608882 0
47.5490267171066 59.4639415455185 -1.54826868608882 0
47.5422572626263 59.7643862026384 -1.54826868608882 0
47.5354878081461 60.0648308597583 -1.54826868608882 0
47.5287183536658 60.3652755168782 -1.54826868608882 0
47.5219488991855 60.6657201739981 -1.54826868608882 0
47.5151794447053 60.966164831118 -1.54826868608882 0
47.508409990225 61.266609488238 -1.54826868608882 0
47.5016405357448 61.5670541453579 -1.54826868608882 0
47.4948710812645 61.8674988024778 -1.54826868608882 0
47.4881016267842 62.1679434595977 -1.54826868608882 0
47.481332172304 62.4683881167177 -1.54826868608882 0
47.4745627178237 62.7688327738376 -1.54826868608882 0
47.4677932633435 63.0692774309575 -1.54826868608882 0
47.4610238088632 63.3697220880774 -1.54826868608882 0
47.4542543543829 63.6701667451973 -1.54826868608882 0
47.4474848999027 63.9706114023173 -1.54826868608882 0
47.4407154454224 64.2710560594372 -1.54826868608882 0
47.4339459909422 64.5715007165571 -1.54826868608882 0
47.4271765364619 64.871945373677 -1.54826868608882 0
47.4204070819816 65.1723900307969 -1.54826868608882 0
47.4136376275014 65.4728346879169 -1.54826868608882 0
47.4068681730211 65.7732793450368 -1.54826868608882 0
47.4000987185409 66.0737240021567 -1.54826868608882 0
47.3933292640606 66.3741686592766 -1.54826868608882 0
47.3865598095803 66.6746133163965 -1.54826868608882 0
47.3797903551001 66.9750579735165 -1.54826868608882 0
47.3730209006198 67.2755026306364 -1.54826868608882 0
47.3662514461396 67.5759472877563 -1.54826868608882 0
47.3594819916593 67.8763919448762 -1.54826868608882 0
47.352712537179 68.1768366019961 -1.54826868608882 0
47.3459430826988 68.4772812591161 -1.54826868608882 0
47.3391736282185 68.777725916236 -1.54826868608882 0
47.3324041737383 69.0781705733559 -1.54826868608882 0
47.325634719258 69.3786152304758 -1.54826868608882 0
47.3188652647777 69.6790598875957 -1.54826868608882 0
47.3120958102975 69.9795045447157 -1.54826868608882 0
47.3053263558172 70.2799492018356 -1.54826868608882 0
47.298556901337 70.5803938589555 -1.54826868608882 0
47.2917874468567 70.8808385160754 -1.54826868608882 0
47.2850179923764 71.1812831731953 -1.54826868608882 0
47.2782485378962 71.4817278303153 -1.54826868608882 0
47.2714790834159 71.7821724874352 -1.54826868608882 0
47.2647096289357 72.0826171445551 -1.54826868608882 0
47.2579401744554 72.383061801675 -1.54826868608882 0
47.2511707199751 72.6835064587949 -1.54826868608882 0
47.2444012654949 72.9839511159149 -1.54826868608882 0
47.2376318110146 73.2843957730348 -1.54826868608882 0
47.2308623565344 73.5848404301547 -1.54826868608882 0
47.2240929020541 73.8852850872746 -1.54826868608882 0
47.2173234475738 74.1857297443945 -1.54826868608882 0
47.2105539930936 74.4861744015145 -1.54826868608882 0
47.2037845386133 74.7866190586344 -1.54826868608882 0
47.1970150841331 75.0870637157543 -1.54826868608882 0
47.1902456296528 75.3875083728742 -1.54826868608882 0
47.1834761751726 75.6879530299941 -1.54826868608882 0
47.1767067206923 75.9883976871141 -1.54826868608882 0
47.169937266212 76.288842344234 -1.54826868608882 0
47.1631678117318 76.5892870013539 -1.54826868608882 0
47.1563983572515 76.8897316584738 -1.54826868608882 0
47.1496289027712 77.1901763155937 -1.54826868608882 0
47.142859448291 77.4906209727137 -1.54826868608882 0
47.1360899938107 77.7910656298336 -1.54826868608882 0
47.1293205393305 78.0915102869535 -1.54826868608882 0
47.1225510848502 78.3919549440734 -1.54826868608882 0
47.11578163037 78.6923996011933 -1.54826868608882 0
47.1090121758897 78.9928442583133 -1.54826868608882 0
47.1022427214094 79.2932889154332 -1.54826868608882 0
47.0969484099511 79.5937573626763 -1.56747382837358 0
47.1015940225574 79.8942246919651 -1.60503894215657 0
47.1175207927432 80.1943055738583 -1.64260405593956 0
47.1447062482842 80.4935766026824 -1.68016916972255 0
47.1831120312682 80.7916155154435 -1.71773428350555 0
47.232683952217 81.0880017876286 -1.75529939728854 0
47.2933520665462 81.3823172265545 -1.79286451107153 0
47.3650307732549 81.674146561425 -1.83042962485452 0
47.4476189357064 81.9630780292669 -1.86799473863752 0
47.5410000243294 82.2487039559157 -1.90555985242051 0
47.6450422810376 82.5306213312325 -1.9431249662035 0
47.7595989051366 82.8084323777397 -1.98069007998649 0
47.8845082604559 83.0817451118742 -2.01825519376949 0
48.0195941034127 83.3501738970651 -2.05582030755248 0
48.1646658316868 83.6133399878556 -2.09338542133547 0
48.3195187531551 83.8708720643027 -2.13095053511846 0
48.165099360034 83.6140925404984 -2.09349398312007 0
48.0204041056621 83.351710459976 -2.05603743112167 0
48.0084001293068 83.3340809035099 -2.01858087912328 0
48.1330520840262 83.6065565226057 -1.98112432712488 0
48.2474129951692 83.8835089640457 -1.94366777512648 0
48.3513224339032 84.1645497108405 -1.90621122312809 0
48.4446346330269 84.4492845108065 -1.86875467112969 0
48.5272186914568 84.7373139296343 -1.8312981191313 0
48.5989587578591 85.0282339112265 -1.7938415671329 0
48.6597541931693 85.3216363445198 -1.75638501513451 0
48.7095197117717 85.6171096359951 -1.71892846313611 0
48.7481855011406 85.9142392870727 -1.68147191113771 0
48.7756973197751 86.2126084755833 -1.64401535913932 0
48.7920165732911 86.511798640498 -1.60655880714092 0
48.7971203685621 86.8113900690984 -1.56910225514253 0
48.7910015458347 87.1109624857616 -1.53164570314413 0
48.7736686887726 87.4100956415352 -1.49418915114573 0
48.7451461124148 87.7083699036748 -1.45673259914734 0
48.7054738290661 88.0053668443172 -1.41927604714894 0
48.6547074921666 88.300669827463 -1.38181949515055 0
48.5929183182191 88.5938645934461 -1.34436294315215 0
48.520192986885 88.8845398400691 -1.30690639115375 0
48.4366335193872 89.1722877995901 -1.26944983915536 0
48.342357135392 89.4567048107512 -1.23199328715696 0
48.2374960885696 89.7373918850463 -1.19453673515857 0
48.122197481065 90.0139552664338 -1.15708018316017 0
48.0156450366057 90.2466089311641 -1.11962363116177 0
48.1513191174771 89.9794505201104 -1.08216707916338 0
48.2969025277227 89.7175601929155 -1.04471052716498 0
48.4521910386745 89.4613053369939 -1.00725397516659 0
48.6169668070651 89.2110454341563 -0.969797423168191 0
48.8020420131426 88.9522871825434 -0.930028165846408 0
48.9972587927163 88.7010918926687 -0.890258908524626 0
49.202308432824 88.4578568010924 -0.850489651202843 0
49.4168666709613 88.2229665562337 -0.810720393881061 0
49.6405942078663 87.996792610093 -0.770951136559278 0
49.8731372440816 87.7796926308434 -0.731181879237495 0
50.1141280394482 87.5720099372193 -0.691412621915713 0
50.3631854946443 87.3740729555973 -0.65164336459393 0
50.61991575385 87.1861947006273 -0.611874107272148 0
50.8839128275854 87.0086722802361 -0.572104849950365 0
51.1547592347362 86.8417864257849 -0.532335592628583 0
51.4320266627523 86.685801048125 -0.4925663353068 0
51.7152766449752 86.540962820253 -0.452797077985018 0
52.0040612540226 86.4075007872257 -0.413027820663235 0
52.297923810134 86.2856260039518 -0.373258563341452 0
52.5963996033578 86.1755312014323 -0.33348930601967 0
52.8990130492506 86.0773787014896 -0.296201198747522 0
53.2013856412577 85.9784874466421 -0.335970456069305 0
53.4995873543132 85.8676524205307 -0.375739713391087 0
53.7931466165863 85.745048896046 -0.41550897071287 0
54.0815991977498 85.6108707566098 -0.455278228034652 0
54.3644889431072 85.4653301895709 -0.495047485356435 0
54.6413684949495 85.3086573506551 -0.534816742678218 0
54.9118 85.1411 -0.574586 0
