40.3826 95.8128 2.61374 0
40.647203466156 95.6651688120872 2.65161746266674 0
40.9172076992074 95.5276636264372 2.68949492533347 0
41.1922253698048 95.400481698454 2.72737238800021 0
41.471861956669 95.2838054745123 2.76524985066695 0
41.7557163125436 95.1778023302319 2.80312731333368 0
42.0433812396535 95.0826243303729 2.84100477600042 0
42.3343010657179 94.9978930557388 2.86253527342415 0
42.6239483914533 94.9089302059604 2.82465781075742 0
42.9100190818751 94.8090626835726 2.78678034809068 0
43.1921027598085 94.6984337515978 2.74890288542394 0
43.46979476757 94.5772021106301 2.71102542275721 0
43.7426967474618 94.4455416711751 2.67314796009047 0
44.0104172132277 94.3036413041691 2.63527049742374 0
44.2725721116525 94.1517045700388 2.597393034757 0
44.528785373498 93.9899494266868 2.55951557209026 0
44.7786894529857 93.818607916825 2.52163810942353 0
45.0219258550527 93.6379258351018 2.48376064675679 0
45.2581456496237 93.4481623755023 2.44588318409005 0
45.487009972162 93.2495897595267 2.40800572142332 0
45.708190509781 93.0424928456798 2.37012825875658 0
45.921369972219 92.8271687208332 2.33225079608984 0
46.1262425470022 92.6039262740449 2.29437333342311 0
46.3225143381415 92.3730857534483 2.25649587075637 0
46.5099037877358 92.1349783068468 2.21861840808963 0
46.688142079875 91.8899455066718 2.1807409454229 0
46.8569735262653 91.6383388599867 2.14286348275616 0
47.016155933021 91.3805193042394 2.10498602008942 0
47.1654609481 91.116856689486 2.06710855742269 0
47.2020101286703 91.0520690926492 2.02923109475595 0
47.0730879681356 91.3262752896422 1.99135363208922 0
46.9546420306387 91.605166884777 1.95347616942248 0
46.8468422305079 91.8883437995107 1.91559870675574 0
46.7498432098613 92.1753998078782 1.87772124408901 0
46.6637841167674 92.4659231192358 1.83984378142227 0
46.5887884056335 92.7594969689872 1.80196631875553 0
46.5249636601061 93.0557002164453 1.7640888560888 0
46.5769883119441 92.7607186617473 1.72664490516671 0
46.6179338034412 92.4639963189131 1.68920095424462 0
46.6477427337001 92.1659491587392 1.65175700332253 0
46.666373314009 91.8669950092643 1.61431305240044 0
46.6772478056363 91.5676414422897 1.6062357347194 0
46.6878615152014 91.2682779263909 1.6062357347194 0
46.6984752247664 90.9689144104922 1.6062357347194 0
46.7090889343314 90.6695508945935 1.6062357347194 0
46.7197026438965 90.3701873786948 1.6062357347194 0
46.7303163534615 90.070823862796 1.6062357347194 0
46.7409300630266 89.7714603468973 1.6062357347194 0
46.7515437725916 89.4720968309986 1.6062357347194 0
46.7621574821566 89.1727333150999 1.6062357347194 0
46.7727711917217 88.8733697992012 1.6062357347194 0
46.7833849012867 88.5740062833025 1.6062357347194 0
46.7939986108517 88.2746427674037 1.6062357347194 0
46.8046123204168 87.975279251505 1.6062357347194 0
46.8152260299818 87.6759157356063 1.6062357347194 0
46.8258397395468 87.3765522197076 1.6062357347194 0
46.8364534491119 87.0771887038088 1.6062357347194 0
46.8470671586769 86.7778251879101 1.6062357347194 0
46.8576808682419 86.4784616720114 1.6062357347194 0
46.868294577807 86.1790981561127 1.6062357347194 0
46.878908287372 85.879734640214 1.6062357347194 0
46.889521996937 85.5803711243152 1.6062357347194 0
46.9001357065021 85.2810076084165 1.6062357347194 0
46.9107494160671 84.9816440925178 1.6062357347194 0
46.9213631256321 84.6822805766191 1.6062357347194 0
46.9319768351972 84.3829170607204 1.6062357347194 0
46.9425905447622 84.0835535448216 1.6062357347194 0
46.9532042543272 83.7841900289229 1.6062357347194 0
46.9638179638923 83.4848265130242 1.6062357347194 0
46.9744316734573 83.1854629971255 1.6062357347194 0
46.9850453830223 82.8860994812268 1.6062357347194 0
46.9956590925874 82.586735965328 1.6062357347194 0
47.0062728021524 82.2873724494293 1.6062357347194 0
47.0168865117174 81.9880089335306 1.6062357347194 0
47.0275002212825 81.6886454176319 1.6062357347194 0
47.0381139308475 81.3892819017332 1.6062357347194 0
47.0487276404125 81.0899183858344 1.6062357347194 0
47.0593413499776 80.7905548699357 1.6062357347194 0
47.0699550595426 80.491191354037 1.6062357347194 0
47.0805687691076 80.1918278381383 1.6062357347194 0
47.0911824786727 79.8924643222395 1.6062357347194 0
47.1017961882377 79.5931008063408 1.6062357347194 0
47.1124098978027 79.2937372904421 1.6062357347194 0
47.1230236073678 78.9943737745434 1.6062357347194 0
47.1336373169328 78.6950102586447 1.6062357347194 0
47.1442510264978 78.395646742746 1.6062357347194 0
47.1548647360629 78.0962832268472 1.6062357347194 0
47.1654784456279 77.7969197109485 1.6062357347194 0
47.1760921551929 77.4975561950498 1.6062357347194 0
47.186705864758 77.1981926791511 1.6062357347194 0
47.197319574323 76.8988291632523 1.6062357347194 0
47.207933283888 76.5994656473536 1.6062357347194 0
47.2185469934531 76.3001021314549 1.6062357347194 0
47.2291607030181 76.0007386155562 1.6062357347194 0
47.2397744125832 75.7013750996575 1.6062357347194 0
47.2503881221482 75.4020115837587 1.6062357347194 0
47.2610018317132 75.10264806786 1.6062357347194 0
47.2716155412783 74.8032845519613 1.6062357347194 0
47.2822292508433 74.5039210360626 1.6062357347194 0
47.2928429604083 74.2045575201639 1.6062357347194 0
47.3034566699734 73.9051940042651 1.6062357347194 0
47.3140703795384 73.6058304883664 1.6062357347194 0
47.3246840891034 73.3064669724677 1.6062357347194 0
47.3352977986685 73.007103456569 1.6062357347194 0
47.3459115082335 72.7077399406703 1.6062357347194 0
47.3565252177985 72.4083764247715 1.6062357347194 0
47.3671389273636 72.1090129088728 1.6062357347194 0
47.3777526369286 71.8096493929741 1.6062357347194 0
47.3883663464936 71.5102858770754 1.6062357347194 0
47.3989800560587 71.2109223611767 1.6062357347194 0
47.4095937656237 70.9115588452779 1.6062357347194 0
47.4202074751887 70.6121953293792 1.6062357347194 0
47.4308211847538 70.3128318134805 1.6062357347194 0
47.4414348943188 70.0134682975818 1.6062357347194 0
47.4520486038838 69.7141047816831 1.6062357347194 0
47.4626623134489 69.4147412657843 1.6062357347194 0
47.4732760230139 69.1153777498856 1.6062357347194 0
47.4838897325789 68.8160142339869 1.6062357347194 0
47.494503442144 68.5166507180882 1.6062357347194 0
47.505117151709 68.2172872021895 1.6062357347194 0
47.515730861274 67.9179236862907 1.6062357347194 0
47.5263445708391 67.618560170392 1.6062357347194 0
47.5369582804041 67.3191966544933 1.6062357347194 0
47.5475719899691 67.0198331385946 1.6062357347194 0
47.5581856995342 66.7204696226958 1.6062357347194 0
47.5687994090992 66.4211061067971 1.6062357347194 0
47.5794131186642 66.1217425908984 1.6062357347194 0
47.5900268282293 65.8223790749997 1.6062357347194 0
47.6006405377943 65.523015559101 1.6062357347194 0
47.6112542473593 65.2236520432023 1.6062357347194 0
47.6218679569244 64.9242885273035 1.6062357347194 0
47.6324816664894 64.6249250114048 1.6062357347194 0
47.6430953760544 64.3255614955061 1.6062357347194 0
47.6537090856195 64.0261979796074 1.6062357347194 0
47.6643227951845 63.7268344637086 1.6062357347194 0
47.6749365047495 63.4274709478099 1.6062357347194 0
47.6855502143146 63.1281074319112 1.6062357347194 0
47.6961639238796 62.8287439160125 1.6062357347194 0
47.7067776334446 62.5293804001138 1.6062357347194 0
47.7173913430097 62.230016884215 1.6062357347194 0
47.7280050525747 61.9306533683163 1.6062357347194 0
47.7386187621398 61.6312898524176 1.6062357347194 0
47.7492324717048 61.3319263365189 1.6062357347194 0
47.7598461812698 61.0325628206202 1.6062357347194 0
47.7704598908349 60.7331993047214 1.6062357347194 0
47.7810736003999 60.4338357888227 1.6062357347194 0
47.7916873099649 60.134472272924 1.6062357347194 0
47.80230101953 59.8351087570253 1.6062357347194 0
47.812914729095 59.5357452411266 1.6062357347194 0
47.82352843866 59.2363817252278 1.6062357347194 0
47.8341421482251 58.9370182093291 1.6062357347194 0
47.8447558577901 58.6376546934304 1.6062357347194 0
47.8553695673551 58.3382911775317 1.6062357347194 0
47.8659832769202 58.038927661633 1.6062357347194 0
47.8765969864852 57.7395641457342 1.6062357347194 0
47.8872106960502 57.4402006298355 1.6062357347194 0
47.8978244056153 57.1408371139368 1.6062357347194 0
47.9084381151803 56.8414735980381 1.6062357347194 0
47.9190518247453 56.5421100821394 1.6062357347194 0
47.9296655343104 56.2427465662406 1.6062357347194 0
47.9402792438754 55.9433830503419 1.6062357347194 0
47.9508929534404 55.6440195344432 1.6062357347194 0
47.9615066630055 55.3446560185445 1.6062357347194 0
47.9721203725705 55.0452925026458 1.6062357347194 0
47.9827340821355 54.745928986747 1.6062357347194 0
47.9933477917006 54.4465654708483 1.6062357347194 0
48.0039615012656 54.1472019549496 1.6062357347194 0
48.0145752108306 53.8478384390509 1.6062357347194 0
48.0251889203957 53.5484749231521 1.6062357347194 0
48.0358026299607 53.2491114072534 1.6062357347194 0
48.0464163395257 52.9497478913547 1.6062357347194 0
48.0570300490908 52.650384375456 1.6062357347194 0
48.0676437586558 52.3510208595573 1.6062357347194 0
48.0782574682208 52.0516573436585 1.6062357347194 0
48.0888711777859 51.7522938277598 1.6062357347194 0
48.0994848873509 51.4529303118611 1.6062357347194 0
48.1100985969159 51.1535667959624 1.6062357347194 0
48.120712306481 50.8542032800637 1.6062357347194 0
48.131326016046 50.5548397641649 1.6062357347194 0
48.141939725611 50.2554762482662 1.6062357347194 0
48.1525534351761 49.9561127323675 1.6062357347194 0
48.1631671447411 49.6567492164688 1.6062357347194 0
48.1737808543061 49.3573857005701 1.6062357347194 0
48.1843945638712 49.0580221846713 1.6062357347194 0
48.1950082734362 48.7586586687726 1.6062357347194 0
48.2056219830012 48.4592951528739 1.6062357347194 0
48.2162356925663 48.1599316369752 1.6062357347194 0
48.2268494021313 47.8605681210765 1.6062357347194 0
48.2374631116963 47.5612046051777 1.6062357347194 0
48.2480768212614 47.261841089279 1.6062357347194 0
48.2586905308264 46.9624775733803 1.6062357347194 0
48.2693042403914 46.6631140574816 1.6062357347194 0
48.2799179499565 46.3637505415829 1.6062357347194 0
48.2905316595215 46.0643870256841 1.6062357347194 0
48.3011453690866 45.7650235097854 1.6062357347194 0
48.3117590786516 45.4656599938867 1.6062357347194 0
48.3223727882166 45.166296477988 1.6062357347194 0
48.3329864977817 44.8669329620893 1.6062357347194 0
48.3436002073467 44.5675694461905 1.6062357347194 0
48.3542139169117 44.2682059302918 1.6062357347194 0
48.3648276264768 43.9688424143931 1.6062357347194 0
48.3754413360418 43.6694788984944 1.6062357347194 0
48.3860550456068 43.3701153825956 1.6062357347194 0
48.3966687551719 43.0707518666969 1.6062357347194 0
48.4072824647369 42.7713883507982 1.6062357347194 0
48.4178961743019 42.4720248348995 1.6062357347194 0
48.428509883867 42.1726613190008 1.6062357347194 0
48.439123593432 41.873297803102 1.6062357347194 0
48.449737302997 41.5739342872033 1.6062357347194 0
48.4603510125621 41.2745707713046 1.6062357347194 0
48.4709647221271 40.9752072554059 1.6062357347194 0
48.4815784316921 40.6758437395072 1.6062357347194 0
48.4921921412572 40.3764802236084 1.6062357347194 0
48.5028058508222 40.0771167077097 1.6062357347194 0
48.5134195603872 39.777753191811 1.6062357347194 0
48.5240332699523 39.4783896759123 1.6062357347194 0
48.5346469795173 39.1790261600136 1.6062357347194 0
48.5452606890823 38.8796626441148 1.6062357347194 0
48.5541318997428 38.5802494871044 1.585359749931 0
48.5528862750707 38.2807179688461 1.54791579900891 0
48.5404285006718 37.9814430352684 1.51047184808682 0
48.5167760409213 37.6828442356079 1.47302789716473 0
48.4819620538632 37.385340171239 1.43558394624264 0
48.4360353447267 37.0893479088422 1.39813999532056 0
48.3790602975066 36.7952823957244 1.36069604439847 0
48.3111167847043 36.5035558781108 1.32325209347638 0
48.2323000553558 36.2145773232218 1.28580814255429 0
48.1427206015036 35.9287518459486 1.2483641916322 0
48.042504003299 35.646480140928 1.21092024071011 0
47.9317907529537 35.3681579208145 1.17347628978802 0
47.8107360577853 35.0941753615364 1.13603233886593 0
47.6795096226346 34.8249165553136 1.09858838794384 0
47.5382954119587 34.5607589722044 1.06114443702175 0
47.3872913919341 34.3020729309355 1.02370048609966 0
47.2267092529306 34.0492210797579 0.986256535177571 0
47.0567741127454 33.8025578880548 0.94881258425548 0
46.8777242010141 33.5624291494167 0.911368633333391 0
46.6898105252398 33.3291714968779 0.873924682411302 0
46.4809088986437 33.0894211701898 0.83417282991731 0
46.2626442947265 32.8581622862126 0.794420977423318 0
46.0353615719334 32.6357602343756 0.754669124929327 0
45.7994198373525 32.4225664102988 0.714917272435335 0
45.5551918793254 32.2189176605864 0.675165419941343 0
45.3030635784406 32.025135750609 0.635413567447351 0
45.0434332978421 31.8415268561136 0.595661714953359 0
45.1823529051214 31.9289438937061 0.555909862459367 0
45.4415185827824 32.0841586137004 0.537899257508629 0
45.6979744758913 32.2437956354482 0.575661765498376 0
45.9482206750981 32.4130009651673 0.613424273488123 0
46.1919003699728 32.5915333435433 0.65118678147787 0
46.4286661128538 32.7791382124054 0.688949289467617 0
46.6581803142522 32.9755480776853 0.726711797457364 0
46.7658156867549 33.0719444241006 0.764474305447112 0
46.5517755121029 32.8587768668652 0.802236813436859 0
46.3379703535631 32.6458347002254 0.764515008927768 0
46.1162866344098 32.441107220844 0.726793204418678 0
45.8870397586604 32.24488570798 0.689071399909587 0
45.6505558909328 32.0574493388941 0.651349595400497 0
45.4071714923899 31.8790647916447 0.613627790891406 0
45.2092748397901 31.7439222632255 0.575905986382316 0
45.4654121377921 31.9034550082147 0.538184181873225 0
45.7273836600482 32.0532145944798 0.500462377364135 0
45.9948166824322 32.1929879492011 0.462740572855044 0
46.267330710382 32.3225762076278 0.425018768345954 0
46.5445380202547 32.4417949960156 0.387296963836863 0
46.8260442109661 32.5504746939479 0.349575159327773 0
47.1114487651313 32.6484606756659 0.311853354818682 0
47.4003456189074 32.7356135300643 0.274131550309592 0
47.6923237397267 32.8118092590412 0.236409745800501 0
47.9869677111002 32.8769394539183 0.198687941291411 0
48.283858323658 32.9309114496807 0.16096613678232 0
48.5825731715857 32.9736484568179 0.12324433227323 0
48.8826872536092 33.0050896705772 0.0855225277641395 0
49.1837735776722 33.0251903574743 0.0478007232550489 0
49.4854037684454 33.0339219189392 0.0100789187459585 0
49.7871486768047 33.0312719320046 -0.0276428857631321 0
50.0885789904096 33.0172441669815 -0.0653646902722225 0
50.3892658445144 32.9918585820943 -0.103086494781313 0
50.688781432142 32.9551512950853 -0.140808299290404 0
50.9866996127535 32.9071745318278 -0.178530103799494 0
51.2825965185457 32.8479965520203 -0.216251908308585 0
51.5760511575164 32.7777015520696 -0.253973712817675 0
51.866646012437 32.6963895452985 -0.291695517326765 0
52.1539676348821 32.6041762196506 -0.329417321835856 0
52.4376072334692 32.5011927730933 -0.367139126344947 0
52.7171612554739 32.3875857269539 -0.404860930854037 0
52.9922319609901 32.2635167174539 -0.442582735363128 0
53.2624279888214 32.1291622657388 -0.480304539872218 0
53.5273649132961 31.9847135267295 -0.518026344381308 0
53.624715938959 31.929626516036 -0.555748148890399 0
53.8824912382924 31.7761587228355 -0.518245853656675 0
54.1458393339235 31.6324637367586 -0.48074355842295 0
54.4143898906652 31.4987436299312 -0.443241263189226 0
54.6877652573312 31.3751864472323 -0.405738967955502 0
54.9655809978108 31.2619659418548 -0.368236672721777 0
55.2474464316855 31.1592413309629 -0.330734377488053 0
55.5329651836253 31.0671570717929 -0.293232082254328 0
55.8217357407955 30.9858426585081 -0.255729787020604 0
56.1133520174861 30.9154124400976 -0.21822749178688 0
56.4074039261732 30.8559654595715 -0.180725196553155 0
56.7034779542078 30.8075853146814 -0.143222901319431 0
57.0011577453206 30.7703400403602 -0.105720606085707 0
57.3000246851262 30.7442820130475 -0.0682183108519822 0
57.5996423176611 30.7290182824994 -0.0410830319741226 0
57.8994075273169 30.7166960854944 -0.0410830319741226 0
58.1991727369727 30.7043738884895 -0.0410830319741226 0
58.4989379466286 30.6920516914845 -0.0410830319741226 0
58.7987031562844 30.6797294944795 -0.0410830319741226 0
59.0984683659402 30.6674072974746 -0.0410830319741226 0
59.3982335755961 30.6550851004696 -0.0410830319741226 0
59.6979987852519 30.6427629034646 -0.0410830319741226 0
59.9977639949077 30.6304407064597 -0.0410830319741226 0
60.2975292045636 30.6181185094547 -0.0410830319741226 0
60.5972944142194 30.6057963124497 -0.0410830319741226 0
60.8970596238752 30.5934741154447 -0.0410830319741226 0
61.1968248335311 30.5811519184398 -0.0410830319741226 0
61.4965900431869 30.5688297214348 -0.0410830319741226 0
61.7963552528427 30.5565075244298 -0.0410830319741226 0
62.0961204624986 30.5441853274249 -0.0410830319741226 0
62.3958856721544 30.5318631304199 -0.0410830319741226 0
62.6956508818102 30.5195409334149 -0.0410830319741226 0
62.9954160914661 30.50721873641 -0.0410830319741226 0
63.2951813011219 30.494896539405 -0.0410830319741226 0
63.5949465107777 30.4825743424 -0.0410830319741226 0
63.8947117204336 30.4702521453951 -0.0410830319741226 0
64.1944769300894 30.4579299483901 -0.0410830319741226 0
64.4942421397452 30.4456077513851 -0.0410830319741226 0
64.7940073494011 30.4332855543802 -0.0410830319741226 0
65.0937725590569 30.4209633573752 -0.0410830319741226 0
65.3935377687127 30.4086411603702 -0.0410830319741226 0
65.6933029783686 30.3963189633653 -0.0410830319741226 0
65.9930681880244 30.3839967663603 -0.0410830319741226 0
66.2928333976802 30.3716745693553 -0.0410830319741226 0
66.5925986073361 30.3593523723504 -0.0410830319741226 0
66.8923638169919 30.3470301753454 -0.0410830319741226 0
67.1921290266477 30.3347079783404 -0.0410830319741226 0
67.4918942363036 30.3223857813355 -0.0410830319741226 0
67.7916594459594 30.3100635843305 -0.0410830319741226 0
68.0914246556152 30.2977413873255 -0.0410830319741226 0
68.3911898652711 30.2854191903206 -0.0410830319741226 0
68.6909550749269 30.2730969933156 -0.0410830319741226 0
68.9907202845827 30.2607747963106 -0.0410830319741226 0
69.2902354762418 30.2437018638137 -0.0755702288515264 0
69.5889027643462 30.2154473152847 -0.11307252408525 0
69.886300688859 30.1760145498262 -0.150574819318975 0
70.1820110317718 30.1254590200533 -0.188077114552699 0
70.4756179482502 30.06385182005 -0.225579409786424 0
70.7667085514186 29.9912795853921 -0.263081705020148 0
71.0548734929856 29.9078443713159 -0.300584000253873 0
71.3381994185872 29.8141935726342 -0.337886475486333 0
71.617835650132 29.7100416152877 -0.375188950718793 0
71.8933931260076 29.5955334072815 -0.412491425951253 0
72.1646168559456 29.471098167894 -0.441149728092407 0
72.4344663490732 29.3436790594341 -0.441149728092407 0
72.7043158422009 29.2162599509742 -0.441149728092407 0
72.9741653353286 29.0888408425144 -0.441149728092407 0
73.2440148284563 28.9614217340545 -0.441149728092407 0
73.5138643215839 28.8340026255946 -0.441149728092407 0
73.7837138147116 28.7065835171348 -0.441149728092407 0
74.0535633078393 28.5791644086749 -0.441149728092407 0
74.323412800967 28.451745300215 -0.441149728092407 0
74.5932622940946 28.3243261917551 -0.441149728092407 0
74.8631117872223 28.1969070832953 -0.441149728092407 0
75.13296128035 28.0694879748354 -0.441149728092407 0
75.4028107734777 27.9420688663755 -0.441149728092407 0
75.6726602666053 27.8146497579157 -0.441149728092407 0
75.942509759733 27.6872306494558 -0.441149728092407 0
76.2123592528607 27.5598115409959 -0.441149728092407 0
76.4822079658514 27.4323907813174 -0.441825419532081 0
76.7527476565326 27.2981151423857 -0.479581319040387 0
77.0180260487462 27.1537231548345 -0.517337218548692 0
77.2776650309556 26.9994206261397 -0.555093118056997 0
77.5312945296934 26.835427489654 -0.592849017565302 0
77.7785530370406 26.6619774911276 -0.630604917073608 0
78.0190881258985 26.4793178555414 -0.668360816581913 0
78.2525569523164 26.2877089347276 -0.706116716090218 0
78.4786267441604 26.0874238362804 -0.743872615598524 0
78.696975275426 25.8787480342848 -0.781628515106829 0
78.9072913255199 25.6619789624196 -0.819384414615134 0
79.1093159221105 25.4374610937038 -0.853463218343511 0
79.3078749059647 25.2098499371617 -0.853463218343511 0
79.5064338898188 24.9822387806196 -0.853463218343511 0
79.7049928736729 24.7546276240776 -0.853463218343511 0
79.903551857527 24.5270164675355 -0.853463218343511 0
80.1021108413812 24.2994053109934 -0.853463218343511 0
80.3006698252353 24.0717941544514 -0.853463218343511 0
80.4992288090894 23.8441829979093 -0.853463218343511 0
80.6977877929435 23.6165718413672 -0.853463218343511 0
80.8963467767977 23.3889606848252 -0.853463218343511 0
81.0949057606518 23.1613495282831 -0.853463218343511 0
81.2934647445059 22.933738371741 -0.853463218343511 0
81.49202372836 22.706127215199 -0.853463218343511 0
81.6905827122142 22.4785160586569 -0.853463218343511 0
81.8891416960683 22.2509049021148 -0.853463218343511 0
82.0877006799224 22.0232937455728 -0.853463218343511 0
82.2862596637765 21.7956825890307 -0.853463218343511 0
82.4848186476307 21.5680714324886 -0.853463218343511 0
82.6833776314848 21.3404602759466 -0.853463218343511 0
82.8819366153389 21.1128491194045 -0.853463218343511 0
83.080495599193 20.8852379628624 -0.853463218343511 0
83.2790545830472 20.6576268063204 -0.853463218343511 0
83.4776135669013 20.4300156497783 -0.853463218343511 0
83.6761725507554 20.2024044932362 -0.853463218343511 0
83.8747315346095 19.9747933366942 -0.853463218343511 0
84.0732905184637 19.7471821801521 -0.853463218343511 0
84.2718495023178 19.51957102361 -0.853463218343511 0
84.4704084861719 19.291959867068 -0.853463218343511 0
84.668967470026 19.0643487105259 -0.853463218343511 0
84.8675264538802 18.8367375539838 -0.853463218343511 0
85.0660854377343 18.6091263974418 -0.853463218343511 0
85.2646444215884 18.3815152408997 -0.853463218343511 0
85.4632034054425 18.1539040843576 -0.853463218343511 0
85.6617623892967 17.9262929278156 -0.853463218343511 0
85.8603213731508 17.6986817712735 -0.853463218343511 0
86.0588803570049 17.4710706147314 -0.853463218343511 0
86.257439340859 17.2434594581894 -0.853463218343511 0
86.4559983247132 17.0158483016473 -0.853463218343511 0
86.6545573085673 16.7882371451052 -0.853463218343511 0
86.8531162924214 16.5606259885632 -0.853463218343511 0
87.0516752762755 16.3330148320211 -0.853463218343511 0
87.2502342601297 16.105403675479 -0.853463218343511 0
87.4487932439838 15.877792518937 -0.853463218343511 0
87.6473522278379 15.6501813623949 -0.853463218343511 0
87.845911211692 15.4225702058528 -0.853463218343511 0
88.0444701955462 15.1949590493108 -0.853463218343511 0
88.2430291794003 14.9673478927687 -0.853463218343511 0
88.4415881632544 14.7397367362266 -0.853463218343511 0
88.6401471471085 14.5121255796846 -0.853463218343511 0
88.8387061309626 14.2845144231425 -0.853463218343511 0
89.0372651148168 14.0569032666004 -0.853463218343511 0
89.2358240986709 13.8292921100584 -0.853463218343511 0
89.434383082525 13.6016809535163 -0.853463218343511 0
89.6329420663791 13.3740697969742 -0.853463218343511 0
89.8315010502333 13.1464586404322 -0.853463218343511 0
90.0300600340874 12.9188474838901 -0.853463218343511 0
90.2286190179415 12.691236327348 -0.853463218343511 0
90.4271780017957 12.463625170806 -0.853463218343511 0
90.6257369856498 12.2360140142639 -0.853463218343511 0
90.8242959695039 12.0084028577218 -0.853463218343511 0
91.022854953358 11.7807917011798 -0.853463218343511 0
91.2214139372121 11.5531805446377 -0.853463218343511 0
91.4199729210663 11.3255693880956 -0.853463218343511 0
91.6185319049204 11.0979582315536 -0.853463218343511 0
91.8170908887745 10.8703470750115 -0.853463218343511 0
92.0156498726286 10.6427359184694 -0.853463218343511 0
92.2142088564828 10.4151247619274 -0.853463218343511 0
92.4127678403369 10.1875136053853 -0.853463218343511 0
92.611326824191 9.95990244884323 -0.853463218343511 0
92.8098858080452 9.73229129230117 -0.853463218343511 0
93.0084447918993 9.5046801357591 -0.853463218343511 0
93.2070037757534 9.27706897921703 -0.853463218343511 0
93.4055627596075 9.04945782267497 -0.853463218343511 0
93.6041217434616 8.8218466661329 -0.853463218343511 0
93.8028 8.59434 -0.847167 0
