55.2087 105.853 -0.573297 0
54.9522817237181 106.011784204029 -0.535594726438258 0
54.6900605628654 106.160790306795 -0.497892452876515 0
54.4224092105579 106.299806526958 -0.460190179314773 0
54.1497080778054 106.428635281729 -0.42248790575303 0
53.8723447528353 106.547093467693 -0.384785632191288 0
53.5907134502167 106.655012721053 -0.347083358629546 0
53.3052144505654 106.752239656922 -0.309381085067803 0
53.0162535316285 106.838636087332 -0.271678811506061 0
52.7242417285506 106.914080628888 -0.234828280632161 0
52.432293952526 106.989772451001 -0.272530554193903 0
52.1434067259236 107.076414970391 -0.310232827755645 0
51.8579906421539 107.173885042649 -0.347935101317388 0
51.5775865023881 107.270429901025 -0.328900418110005 0
51.2987535085448 107.371402456346 -0.365971584375871 0
51.0238544019505 107.482639934641 -0.403042750641738 0
50.7532669253137 107.603989482935 -0.440113916907604 0
50.4873628966716 107.735284353115 -0.477185083173471 0
50.22650769847 107.876344131064 -0.514256249439337 0
49.9710597754862 108.026974984567 -0.551327415705203 0
49.7213701422851 108.186969929661 -0.58839858197107 0
49.4777819008849 108.356109115054 -0.625469748236936 0
49.2406297692959 108.534160124224 -0.662540914502803 0
49.0102396215801 108.720878294789 -0.699612080768669 0
48.7869280400626 108.916007054699 -0.736683247034535 0
48.5710018803118 109.119278274795 -0.773754413300402 0
48.3627578494847 109.330412637248 -0.810825579566268 0
48.1624820986176 109.549120019379 -0.847896745832135 0
47.9704498294215 109.775099892313 -0.884967912098001 0
47.7869249161243 110.008041733945 -0.922039078363867 0
47.6121595428768 110.247625455632 -0.959110244629734 0
47.4463938572234 110.49352184203 -0.9961814108956 0
47.289855640112 110.745393003474 -1.03325257716147 0
47.3681448799918 110.604439567463 -1.07032374342733 0
47.5055958311243 110.341664889428 -1.1073949096932 0
47.6332132128989 110.073976452523 -1.14446607595907 0
47.7508216644861 109.801742091174 -1.18153724222493 0
47.858259578467 109.525335886426 -1.2186084084908 0
47.9553793229011 109.245137651912 -1.25567957475667 0
48.0420474441886 108.961532411946 -1.29275074102253 0
48.1181448504517 108.674909872456 -1.3298219072884 0
48.1835669751797 108.385663885483 -1.36689307355426 0
48.2382239209158 108.094191907985 -1.40396423982013 0
48.2820405827862 107.800894455684 -1.441035406086 0
48.3149567517028 107.506174552712 -1.47810657235186 0
48.3369271970974 107.210437177812 -1.51517773861773 0
48.3479217290735 106.914088707847 -1.5522489048836 0
48.3479252398911 106.617536359397 -1.58932007114946 0
48.3369377247257 106.321187629191 -1.62639123741533 0
48.3149742816758 106.025449734167 -1.6634624036812 0
48.2820650910156 105.730729051904 -1.70053356994706 0
48.2382553737246 105.437430562214 -1.73760473621293 0
48.1845788847328 105.145767284504 -1.75240558762725 0
48.1364330570749 104.853149317416 -1.71533442136139 0
48.0991655132142 104.558947982344 -1.67826325509552 0
48.0725465507263 104.259569393751 -1.64069108781433 0
48.0571920307138 103.959402195033 -1.60311892053314 0
48.0527132526882 103.658870689489 -1.57567561119294 0
48.0512466561906 103.358296929217 -1.57567561119294 0
48.049780059693 103.057723168946 -1.57567561119294 0
48.0483134631954 102.757149408674 -1.57567561119294 0
48.0468468666978 102.456575648402 -1.57567561119294 0
48.0453802702002 102.15600188813 -1.57567561119294 0
48.0439136737026 101.855428127859 -1.57567561119294 0
48.042447077205 101.554854367587 -1.57567561119294 0
48.0409804807074 101.254280607315 -1.57567561119294 0
48.0395138842098 100.953706847044 -1.57567561119294 0
48.0380472877122 100.653133086772 -1.57567561119294 0
48.0365806912146 100.3525593265 -1.57567561119294 0
48.035114094717 100.051985566228 -1.57567561119294 0
48.0336474982194 99.7514118059567 -1.57567561119294 0
48.0321809017218 99.450838045685 -1.57567561119294 0
48.0307143052242 99.1502642854132 -1.57567561119294 0
48.0292477087266 98.8496905251415 -1.57567561119294 0
48.027781112229 98.5491167648698 -1.57567561119294 0
48.0263145157314 98.2485430045981 -1.57567561119294 0
48.0248479192338 97.9479692443264 -1.57567561119294 0
48.0233813227362 97.6473954840547 -1.57567561119294 0
48.0219147262386 97.3468217237829 -1.57567561119294 0
48.020448129741 97.0462479635112 -1.57567561119294 0
48.0189815332434 96.7456742032395 -1.57567561119294 0
48.0175149367458 96.4451004429678 -1.57567561119294 0
48.0160483402483 96.1445266826961 -1.57567561119294 0
48.0145817437507 95.8439529224243 -1.57567561119294 0
48.0131151472531 95.5433791621526 -1.57567561119294 0
48.0116485507555 95.2428054018809 -1.57567561119294 0
48.0101819542579 94.9422316416092 -1.57567561119294 0
48.0087153577603 94.6416578813375 -1.57567561119294 0
48.0072487612627 94.3410841210657 -1.57567561119294 0
48.0057821647651 94.040510360794 -1.57567561119294 0
48.0043155682675 93.7399366005223 -1.57567561119294 0
48.0028489717699 93.4393628402506 -1.57567561119294 0
48.0013823752723 93.1387890799789 -1.57567561119294 0
47.9999157787747 92.8382153197071 -1.57567561119294 0
47.9984491822771 92.5376415594354 -1.57567561119294 0
47.9969825857795 92.2370677991637 -1.57567561119294 0
47.9955159892819 91.936494038892 -1.57567561119294 0
47.9940493927843 91.6359202786203 -1.57567561119294 0
47.9925827962867 91.3353465183486 -1.57567561119294 0
47.9911161997891 91.0347727580768 -1.57567561119294 0
47.9896496032915 90.7341989978051 -1.57567561119294 0
47.9881830067939 90.4336252375334 -1.57567561119294 0
47.9867164102963 90.1330514772617 -1.57567561119294 0
47.9852498137987 89.83247771699 -1.57567561119294 0
47.9837832173011 89.5319039567182 -1.57567561119294 0
47.9823166208035 89.2313301964465 -1.57567561119294 0
47.9808500243059 88.9307564361748 -1.57567561119294 0
47.9793834278083 88.6301826759031 -1.57567561119294 0
47.9779168313107 88.3296089156314 -1.57567561119294 0
47.9764502348131 88.0290351553597 -1.57567561119294 0
47.9749836383155 87.7284613950879 -1.57567561119294 0
47.9735170418179 87.4278876348162 -1.57567561119294 0
47.9720504453203 87.1273138745445 -1.57567561119294 0
47.9705838488227 86.8267401142728 -1.57567561119294 0
47.9691172523251 86.526166354001 -1.57567561119294 0
47.9676506558275 86.2255925937293 -1.57567561119294 0
47.9661840593299 85.9250188334576 -1.57567561119294 0
47.9647174628323 85.6244450731859 -1.57567561119294 0
47.9632508663347 85.3238713129142 -1.57567561119294 0
47.9617842698371 85.0232975526425 -1.57567561119294 0
47.9603176733395 84.7227237923707 -1.57567561119294 0
47.958851076842 84.422150032099 -1.57567561119294 0
47.9573844803444 84.1215762718273 -1.57567561119294 0
47.9559178838468 83.8210025115556 -1.57567561119294 0
47.9544512873492 83.5204287512839 -1.57567561119294 0
47.9529846908516 83.2198549910121 -1.57567561119294 0
47.951518094354 82.9192812307404 -1.57567561119294 0
47.9500514978564 82.6187074704687 -1.57567561119294 0
47.9485849013588 82.318133710197 -1.57567561119294 0
47.9471183048612 82.0175599499253 -1.57567561119294 0
47.9456517083636 81.7169861896536 -1.57567561119294 0
47.944185111866 81.4164124293818 -1.57567561119294 0
47.9427185153684 81.1158386691101 -1.57567561119294 0
47.9412519188708 80.8152649088384 -1.57567561119294 0
47.9397853223732 80.5146911485667 -1.57567561119294 0
47.9383187258756 80.214117388295 -1.57567561119294 0
47.936852129378 79.9135436280232 -1.57567561119294 0
47.9353855328804 79.6129698677515 -1.57567561119294 0
47.9339189363828 79.3123961074798 -1.57567561119294 0
47.9324523398852 79.0118223472081 -1.57567561119294 0
47.9309857433876 78.7112485869364 -1.57567561119294 0
47.92951914689 78.4106748266646 -1.57567561119294 0
47.9280525503924 78.1101010663929 -1.57567561119294 0
47.9265859538948 77.8095273061212 -1.57567561119294 0
47.9251193573972 77.5089535458495 -1.57567561119294 0
47.9236527608996 77.2083797855778 -1.57567561119294 0
47.922186164402 76.907806025306 -1.57567561119294 0
47.9207195679044 76.6072322650343 -1.57567561119294 0
47.9192529714068 76.3066585047626 -1.57567561119294 0
47.9177863749092 76.0060847444909 -1.57567561119294 0
47.9163197784116 75.7055109842192 -1.57567561119294 0
47.914853181914 75.4049372239475 -1.57567561119294 0
47.9133865854164 75.1043634636757 -1.57567561119294 0
47.9119199889188 74.803789703404 -1.57567561119294 0
47.9104533924212 74.5032159431323 -1.57567561119294 0
47.9089867959236 74.2026421828606 -1.57567561119294 0
47.907520199426 73.9020684225889 -1.57567561119294 0
47.9060536029284 73.6014946623171 -1.57567561119294 0
47.9045870064308 73.3009209020454 -1.57567561119294 0
47.9031204099332 73.0003471417737 -1.57567561119294 0
47.9016538134357 72.699773381502 -1.57567561119294 0
47.9001872169381 72.3991996212303 -1.57567561119294 0
47.8987206204405 72.0986258609585 -1.57567561119294 0
47.8972540239429 71.7980521006868 -1.57567561119294 0
47.8957874274453 71.4974783404151 -1.57567561119294 0
47.8943208309477 71.1969045801434 -1.57567561119294 0
47.8928542344501 70.8963308198717 -1.57567561119294 0
47.8913876379525 70.5957570595999 -1.57567561119294 0
47.8899210414549 70.2951832993282 -1.57567561119294 0
47.8884544449573 69.9946095390565 -1.57567561119294 0
47.8869878484597 69.6940357787848 -1.57567561119294 0
47.8855212519621 69.3934620185131 -1.57567561119294 0
47.8840546554645 69.0928882582413 -1.57567561119294 0
47.8825880589669 68.7923144979696 -1.57567561119294 0
47.8811214624693 68.4917407376979 -1.57567561119294 0
47.8796548659717 68.1911669774262 -1.57567561119294 0
47.8781882694741 67.8905932171545 -1.57567561119294 0
47.8767216729765 67.5900194568828 -1.57567561119294 0
47.8752550764789 67.289445696611 -1.57567561119294 0
47.8737884799813 66.9888719363393 -1.57567561119294 0
47.8723218834837 66.6882981760676 -1.57567561119294 0
47.8708552869861 66.3877244157959 -1.57567561119294 0
47.8693886904885 66.0871506555242 -1.57567561119294 0
47.8679220939909 65.7865768952524 -1.57567561119294 0
47.8664554974933 65.4860031349807 -1.57567561119294 0
47.8649889009957 65.185429374709 -1.57567561119294 0
47.8635223044981 64.8848556144373 -1.57567561119294 0
47.8620557080005 64.5842818541656 -1.57567561119294 0
47.8605891115029 64.2837080938938 -1.57567561119294 0
47.8591225150053 63.9831343336221 -1.57567561119294 0
47.8576559185077 63.6825605733504 -1.57567561119294 0
47.8561893220101 63.3819868130787 -1.57567561119294 0
47.8547227255125 63.081413052807 -1.57567561119294 0
47.8532561290149 62.7808392925353 -1.57567561119294 0
47.8517895325173 62.4802655322635 -1.57567561119294 0
47.8503229360197 62.1796917719918 -1.57567561119294 0
47.8488563395221 61.8791180117201 -1.57567561119294 0
47.8473897430245 61.5785442514484 -1.57567561119294 0
47.8459231465269 61.2779704911767 -1.57567561119294 0
47.8444565500293 60.9773967309049 -1.57567561119294 0
47.8429899535317 60.6768229706332 -1.57567561119294 0
47.8415233570342 60.3762492103615 -1.57567561119294 0
47.8400567605366 60.0756754500898 -1.57567561119294 0
47.838590164039 59.7751016898181 -1.57567561119294 0
47.8371235675414 59.4745279295463 -1.57567561119294 0
47.8356569710438 59.1739541692746 -1.57567561119294 0
47.8341903745462 58.8733804090029 -1.57567561119294 0
47.8327237780486 58.5728066487312 -1.57567561119294 0
47.831257181551 58.2722328884595 -1.57567561119294 0
47.8297905850534 57.9716591281878 -1.57567561119294 0
47.8283239885558 57.671085367916 -1.57567561119294 0
47.8268573920582 57.3705116076443 -1.57567561119294 0
47.8253907955606 57.0699378473726 -1.57567561119294 0
47.823924199063 56.7693640871009 -1.57567561119294 0
47.8224576025654 56.4687903268292 -1.57567561119294 0
47.8209910060678 56.1682165665574 -1.57567561119294 0
47.8195244095702 55.8676428062857 -1.57567561119294 0
47.8180578130726 55.567069046014 -1.57567561119294 0
47.816591216575 55.2664952857423 -1.57567561119294 0
47.8151246200774 54.9659215254706 -1.57567561119294 0
47.8136580235798 54.6653477651988 -1.57567561119294 0
47.8121914270822 54.3647740049271 -1.57567561119294 0
47.8107248305846 54.0642002446554 -1.57567561119294 0
47.809258234087 53.7636264843837 -1.57567561119294 0
47.8077916375894 53.463052724112 -1.57567561119294 0
47.8063250410918 53.1624789638403 -1.57567561119294 0
47.8048584445942 52.8619052035685 -1.57567561119294 0
47.8033918480966 52.5613314432968 -1.57567561119294 0
47.801925251599 52.2607576830251 -1.57567561119294 0
47.8004586551014 51.9601839227534 -1.57567561119294 0
47.7989920586038 51.6596101624817 -1.57567561119294 0
47.7975254621062 51.3590364022099 -1.57567561119294 0
47.7960588656086 51.0584626419382 -1.57567561119294 0
47.794592269111 50.7578888816665 -1.57567561119294 0
47.7931256726134 50.4573151213948 -1.57567561119294 0
47.7916590761158 50.1567413611231 -1.57567561119294 0
47.7901924796182 49.8561676008513 -1.57567561119294 0
47.7887258831206 49.5555938405796 -1.57567561119294 0
47.787259286623 49.2550200803079 -1.57567561119294 0
47.7857926901255 48.9544463200362 -1.57567561119294 0
47.7843260936279 48.6538725597645 -1.57567561119294 0
47.7828594971303 48.3532987994927 -1.57567561119294 0
47.7813929006327 48.052725039221 -1.57567561119294 0
47.7799263041351 47.7521512789493 -1.57567561119294 0
47.7784597076375 47.4515775186776 -1.57567561119294 0
47.7769931111399 47.1510037584059 -1.57567561119294 0
47.7755265146423 46.8504299981342 -1.57567561119294 0
47.7740599181447 46.5498562378624 -1.57567561119294 0
47.7725933216471 46.2492824775907 -1.57567561119294 0
47.7711267251495 45.948708717319 -1.57567561119294 0
47.7696601286519 45.6481349570473 -1.57567561119294 0
47.7681935321543 45.3475611967756 -1.57567561119294 0
47.7667269356567 45.0469874365038 -1.57567561119294 0
47.7652603391591 44.7464136762321 -1.57567561119294 0
47.7637937426615 44.4458399159604 -1.57567561119294 0
47.7623271461639 44.1452661556887 -1.57567561119294 0
47.7608605496663 43.844692395417 -1.57567561119294 0
47.7593939531687 43.5441186351452 -1.57567561119294 0
47.7579273566711 43.2435448748735 -1.57567561119294 0
47.7564607601735 42.9429711146018 -1.57567561119294 0
47.7549941636759 42.6423973543301 -1.57567561119294 0
47.7535275671783 42.3418235940584 -1.57567561119294 0
47.7520609706807 42.0412498337866 -1.57567561119294 0
47.7505943741831 41.7406760735149 -1.57567561119294 0
47.7491277776855 41.4401023132432 -1.57567561119294 0
47.7476611811879 41.1395285529715 -1.57567561119294 0
47.7461945846903 40.8389547926998 -1.57567561119294 0
47.7447279881927 40.5383810324281 -1.57567561119294 0
47.7441265405163 40.2378072920217 -1.56096886087839 0
47.7527254457238 39.9373706642603 -1.5233966935972 0
47.7726036818392 39.6374690734003 -1.48582452631601 0
47.8037331906984 39.3385258310455 -1.44825235903482 0
47.8460700329471 39.0409628960892 -1.41068019175363 0
47.8988204088837 38.748869361591 -1.37357574806363 0
47.9623699586473 38.4589336966894 -1.33647130437362 0
48.0366312010844 38.1715550215433 -1.29936686068362 0
48.1215019095204 37.8871289364057 -1.26226241699361 0
48.2168652524828 37.6060469770485 -1.22515797330361 0
48.3225899545296 37.3286960757805 -1.1880535296136 0
48.4385304769604 37.0554580288039 -1.1509490859236 0
48.5645272181623 36.7867089706408 -1.11384464223359 0
48.7004067333148 36.5228188563527 -1.07674019854359 0
48.8459819731508 36.2641509522676 -1.03963575485358 0
49.0010525414448 36.0110613359139 -1.00253131116358 0
49.1654049708751 35.7638984058507 -0.965426867473573 0
49.338813016879 35.5230024020686 -0.928322423783568 0
49.5210379690968 35.2887049376216 -0.891217980093563 0
49.7118289799761 35.0613285421344 -0.854113536403558 0
49.9109234100842 34.8411862178144 -0.817009092713554 0
50.1180471896525 34.6285810085781 -0.779904649023549 0
50.3329151958563 34.4238055828867 -0.742800205333544 0
50.5552316453092 34.2271418308638 -0.705695761643539 0
50.7840803578605 34.0381043919418 -0.68417633870867 0
51.0141100667292 33.8504939538083 -0.68417633870867 0
51.2441397755979 33.6628835156748 -0.68417633870867 0
51.4741694844666 33.4752730775413 -0.68417633870867 0
51.7041991933354 33.2876626394079 -0.68417633870867 0
51.9342289022041 33.1000522012744 -0.68417633870867 0
52.1642586110728 32.9124417631409 -0.68417633870867 0
52.3942883199415 32.7248313250074 -0.68417633870867 0
52.6270936290793 32.5407024036673 -0.650812227664065 0
52.8665353426128 32.3652917401453 -0.61370778397406 0
53.1123192723622 32.1988841233304 -0.576603340284056 0
53.3641070766437 32.041708626919 -0.539498896594051 0
53.621552148949 31.8939816158384 -0.502394452904046 0
53.8843000950776 31.7559064484031 -0.465290009214041 0
54.1519892209895 31.6276731963755 -0.428185565524036 0
54.4242510307065 31.5094583833159 -0.391081121834031 0
54.7046883602247 31.3999560409067 -0.353446663464858 0
54.9890472027349 31.301082852091 -0.315812205095684 0
55.2769248534265 31.2129788396248 -0.278177746726511 0
55.5679136242042 31.1357687751148 -0.240543288357337 0
55.8616014210503 31.0695620023189 -0.202908829988164 0
56.1575723276261 31.0144522822951 -0.16527437161899 0
56.4554071942862 30.9705176606184 -0.127639913249816 0
56.7546842316728 30.9378203568538 -0.0900054548806428 0
57.0549430648229 30.9158040087193 -0.0646569351329419 0
57.3553896246759 30.896350939453 -0.0646569351329419 0
57.655836184529 30.8768978701867 -0.0646569351329419 0
57.9562827443821 30.8574448009205 -0.0646569351329419 0
58.2567293042352 30.8379917316542 -0.0646569351329419 0
58.5571758640883 30.8185386623879 -0.0646569351329419 0
58.8576224239413 30.7990855931216 -0.0646569351329419 0
59.1580689837944 30.7796325238553 -0.0646569351329419 0
59.4585155436475 30.760179454589 -0.0646569351329419 0
59.7589621035006 30.7407263853227 -0.0646569351329419 0
60.0594086633536 30.7212733160564 -0.0646569351329419 0
60.3598552232067 30.7018202467901 -0.0646569351329419 0
60.6603017830598 30.6823671775238 -0.0646569351329419 0
60.9607483429129 30.6629141082576 -0.0646569351329419 0
61.261194902766 30.6434610389913 -0.0646569351329419 0
61.561641462619 30.624007969725 -0.0646569351329419 0
61.8620880224721 30.6045549004587 -0.0646569351329419 0
62.1625345823252 30.5851018311924 -0.0646569351329419 0
62.4629811421783 30.5656487619261 -0.0646569351329419 0
62.7634277020313 30.5461956926598 -0.0646569351329419 0
63.0638742618844 30.5267426233935 -0.0646569351329419 0
63.3643208217375 30.5072895541272 -0.0646569351329419 0
63.6647673815906 30.487836484861 -0.0646569351329419 0
63.9652139414436 30.4683834155947 -0.0646569351329419 0
64.2656605012967 30.4489303463284 -0.0646569351329419 0
64.5661070611498 30.4294772770621 -0.0646569351329419 0
64.8665536210029 30.4100242077958 -0.0646569351329419 0
65.167000180856 30.3905711385295 -0.0646569351329419 0
65.467446740709 30.3711180692632 -0.0646569351329419 0
65.7678933005621 30.3516649999969 -0.0646569351329419 0
66.0683398604152 30.3322119307306 -0.0646569351329419 0
66.3687864202683 30.3127588614643 -0.0646569351329419 0
66.6692329801213 30.2933057921981 -0.0646569351329419 0
66.9696795399744 30.2738527229318 -0.0646569351329419 0
67.2701260998275 30.2543996536655 -0.0646569351329419 0
67.5705726596806 30.2349465843992 -0.0646569351329419 0
67.8710192195337 30.2154935151329 -0.0646569351329419 0
68.1714657793867 30.1960404458666 -0.0646569351329419 0
68.4719123392398 30.1765873766003 -0.0646569351329419 0
68.7723588990929 30.157134307334 -0.0646569351329419 0
69.072805458946 30.1376812380677 -0.0646569351329419 0
69.373252018799 30.1182281688015 -0.0646569351329419 0
69.6736985786521 30.0987750995352 -0.0646569351329419 0
69.9741451385052 30.0793220302689 -0.0646569351329419 0
70.2745916983583 30.0598689610026 -0.0646569351329419 0
70.5750092195143 30.0399901378977 -0.0749858296974025 0
70.8747435834934 30.0117913820666 -0.112620288066576 0
71.1732047133693 29.9723349157586 -0.15025474643575 0
71.4699699328794 29.9216766166409 -0.187889204804923 0
71.7646189674842 29.8598882262519 -0.225523663174097 0
72.056734539554 29.7870572484013 -0.263158121543271 0
72.3459029593117 29.7032868252487 -0.300792579912444 0
72.6317147106941 29.6086955912356 -0.338427038281618 0
72.913765031302 29.5034175050764 -0.376061496650791 0
73.1916544856194 29.3876016600484 -0.413695955019965 0
73.4649895306879 29.2614120728482 -0.451330413389138 0
73.7333830734364 29.1250274513132 -0.488964871758312 0
73.996455018877 28.9786409413389 -0.526599330127485 0
74.2538328083893 28.8224598533476 -0.564233788496659 0
74.5006791274733 28.6601311643055 -0.592601297063825 0
74.745753012303 28.4951156393396 -0.592601297063825 0
74.9908268971327 28.3301001143737 -0.592601297063825 0
75.2359007819624 28.1650845894079 -0.592601297063825 0
75.4809746667921 28.000069064442 -0.592601297063825 0
75.7260485516217 27.8350535394761 -0.592601297063825 0
75.9711224364514 27.6700380145102 -0.592601297063825 0
76.2161963212811 27.5050224895443 -0.592601297063825 0
76.4612702061108 27.3400069645784 -0.592601297063825 0
76.7063440909404 27.1749914396125 -0.592601297063825 0
76.9514179757701 27.0099759146466 -0.592601297063825 0
77.1964918605998 26.8449603896807 -0.592601297063825 0
77.4415657454295 26.6799448647148 -0.592601297063825 0
77.6866396302592 26.5149293397489 -0.592601297063825 0
77.9310031766033 26.3488722094615 -0.610354984488958 0
78.1779710173801 26.1690118293576 -0.648547387575708 0
78.4178911287751 25.9798526084421 -0.686739790662459 0
78.6504135915391 25.7816704321011 -0.724932193749209 0
78.8751992757631 25.5747543455418 -0.76312459683596 0
79.0919203354931 25.3594061322253 -0.80131699992271 0
79.3002606868875 25.1359398737209 -0.839509403009461 0
79.5020754268465 24.9065405093876 -0.851013329154554 0
79.7034934567783 24.6767906561885 -0.851013329154554 0
79.9049114867101 24.4470408029894 -0.851013329154554 0
80.1063295166418 24.2172909497902 -0.851013329154554 0
80.3077475465736 23.9875410965911 -0.851013329154554 0
80.5091655765054 23.757791243392 -0.851013329154554 0
80.7105836064372 23.5280413901929 -0.851013329154554 0
80.912001636369 23.2982915369938 -0.851013329154554 0
81.1134196663008 23.0685416837947 -0.851013329154554 0
81.3148376962325 22.8387918305956 -0.851013329154554 0
81.5162557261643 22.6090419773965 -0.851013329154554 0
81.7176737560961 22.3792921241973 -0.851013329154554 0
81.9190917860279 22.1495422709982 -0.851013329154554 0
82.1205098159597 21.9197924177991 -0.851013329154554 0
82.3219278458914 21.6900425646 -0.851013329154554 0
82.5233458758232 21.4602927114009 -0.851013329154554 0
82.724763905755 21.2305428582018 -0.851013329154554 0
82.9261819356868 21.0007930050027 -0.851013329154554 0
83.1275999656186 20.7710431518036 -0.851013329154554 0
83.3290179955503 20.5412932986045 -0.851013329154554 0
83.5304360254821 20.3115434454053 -0.851013329154554 0
83.7318540554139 20.0817935922062 -0.851013329154554 0
83.9332720853457 19.8520437390071 -0.851013329154554 0
84.1346901152775 19.622293885808 -0.851013329154554 0
84.3361081452092 19.3925440326089 -0.851013329154554 0
84.537526175141 19.1627941794098 -0.851013329154554 0
84.7389442050728 18.9330443262107 -0.851013329154554 0
84.9403622350046 18.7032944730116 -0.851013329154554 0
85.1417802649364 18.4735446198124 -0.851013329154554 0
85.3431982948681 18.2437947666133 -0.851013329154554 0
85.5446163247999 18.0140449134142 -0.851013329154554 0
85.7460343547317 17.7842950602151 -0.851013329154554 0
85.9474523846635 17.554545207016 -0.851013329154554 0
86.1488704145953 17.3247953538169 -0.851013329154554 0
86.350288444527 17.0950455006178 -0.851013329154554 0
86.5517064744588 16.8652956474187 -0.851013329154554 0
86.7531245043906 16.6355457942196 -0.851013329154554 0
86.9545425343224 16.4057959410204 -0.851013329154554 0
87.1559605642542 16.1760460878213 -0.851013329154554 0
87.3573785941859 15.9462962346222 -0.851013329154554 0
87.5587966241177 15.7165463814231 -0.851013329154554 0
87.7602146540495 15.486796528224 -0.851013329154554 0
87.9616326839813 15.2570466750249 -0.851013329154554 0
88.1630507139131 15.0272968218258 -0.851013329154554 0
88.3644687438448 14.7975469686267 -0.851013329154554 0
88.5658867737766 14.5677971154275 -0.851013329154554 0
88.7673048037084 14.3380472622284 -0.851013329154554 0
88.9687228336402 14.1082974090293 -0.851013329154554 0
89.170140863572 13.8785475558302 -0.851013329154554 0
89.3715588935037 13.6487977026311 -0.851013329154554 0
89.5729769234355 13.419047849432 -0.851013329154554 0
89.7743949533673 13.1892979962329 -0.851013329154554 0
89.9758129832991 12.9595481430338 -0.851013329154554 0
90.1772310132309 12.7297982898346 -0.851013329154554 0
90.3786490431626 12.5000484366355 -0.851013329154554 0
90.5800670730944 12.2702985834364 -0.851013329154554 0
90.7814851030262 12.0405487302373 -0.851013329154554 0
90.982903132958 11.8107988770382 -0.851013329154554 0
91.1843211628898 11.5810490238391 -0.851013329154554 0
91.3857391928215 11.35129917064 -0.851013329154554 0
91.5871572227533 11.1215493174409 -0.851013329154554 0
91.7885752526851 10.8917994642418 -0.851013329154554 0
91.9899932826169 10.6620496110426 -0.851013329154554 0
92.1914113125487 10.4322997578435 -0.851013329154554 0
92.3928293424804 10.2025499046444 -0.851013329154554 0
92.5942473724122 9.9728000514453 -0.851013329154554 0
92.795665402344 9.74305019824619 -0.851013329154554 0
92.9970834322758 9.51330034504708 -0.851013329154554 0
93.1985014622076 9.28355049184797 -0.851013329154554 0
93.3999194921393 9.05380063864885 -0.851013329154554 0
93.6013375220711 8.82405078544974 -0.851013329154554 0
93.8028 8.59434 -0.847167 0
