78.298 110.35 2.57363 0
78.5613900931832 110.174837686827 2.54235849871162 0
78.8226078367485 109.99642254519 2.54235849871162 0
79.0838255803138 109.818007403552 2.54235849871162 0
79.3450433238791 109.639592261915 2.54235849871162 0
79.6062610674444 109.461177120277 2.54235849871162 0
79.8674788110097 109.28276197864 2.54235849871162 0
80.128696554575 109.104346837003 2.54235849871162 0
80.3880184187592 108.923212337729 2.51357012307577 0
80.6402515226842 108.732340401392 2.4740284772453 0
80.8719001459197 108.542596646559 2.43659640390721 0
81.0962856560592 108.344316743431 2.39916433056912 0
81.3130936897842 108.137778481462 2.36173225723103 0
81.5220204997946 107.923271220038 2.32430018389294 0
81.722773380357 107.701095483084 2.28686811055485 0
81.9150710773848 107.471562538035 2.24943603721676 0
82.098644182474 107.234993959748 2.21200396387867 0
82.2732355103436 106.991721179977 2.17457189054058 0
82.4386004591512 106.742085023038 2.13713981720249 0
82.5945073531794 106.48643522832 2.0997077438644 0
82.7407377674125 106.225129960294 2.06227567052631 0
82.8770868335494 105.958535306731 2.02484359718822 0
83.0033635270231 105.687024765811 1.98741152385013 0
83.1193909346259 105.410978722858 1.94997945051204 0
83.2250065023638 105.130783917417 1.91254737717395 0
83.3200622631939 104.846832901434 1.87511530383586 0
83.4044250443266 104.559523489293 1.83768323049777 0
83.4779766537991 104.269258200481 1.80025115715968 0
83.5406140460626 103.976443695657 1.76281908382159 0
83.5922494663488 103.681490206922 1.7253870104835 0
83.6328105736136 103.384810963087 1.68795493714541 0
83.662240541887 103.08682161074 1.65052286380732 0
83.6804981398859 102.787939631925 1.61309079046923 0
83.687557788779 102.488583759254 1.57565871713114 0
83.6884803908377 102.189128601606 1.57383271486936 0
83.6893896558492 101.889673395343 1.57383271486936 0
83.6902989208607 101.59021818908 1.57383271486936 0
83.6912081858722 101.290762982817 1.57383271486936 0
83.6921174508838 100.991307776554 1.57383271486936 0
83.6930267158953 100.691852570291 1.57383271486936 0
83.6939359809068 100.392397364028 1.57383271486936 0
83.6948452459183 100.092942157765 1.57383271486936 0
83.6957545109298 99.7934869515024 1.57383271486936 0
83.6966637759413 99.4940317452395 1.57383271486936 0
83.6975730409528 99.1945765389766 1.57383271486936 0
83.6984823059643 98.8951213327136 1.57383271486936 0
83.6993915709758 98.5956661264507 1.57383271486936 0
83.7003008359873 98.2962109201877 1.57383271486936 0
83.7012101009988 97.9967557139248 1.57383271486936 0
83.7021193660103 97.6973005076619 1.57383271486936 0
83.7030286310218 97.3978453013989 1.57383271486936 0
83.7039378960333 97.098390095136 1.57383271486936 0
83.7048471610448 96.798934888873 1.57383271486936 0
83.7057564260563 96.4994796826101 1.57383271486936 0
83.7066656910678 96.2000244763471 1.57383271486936 0
83.7075749560793 95.9005692700842 1.57383271486936 0
83.7084842210908 95.6011140638213 1.57383271486936 0
83.7093934861023 95.3016588575583 1.57383271486936 0
83.7103027511138 95.0022036512954 1.57383271486936 0
83.7112120161253 94.7027484450324 1.57383271486936 0
83.7121212811368 94.4032932387695 1.57383271486936 0
83.7130305461483 94.1038380325065 1.57383271486936 0
83.7139398111598 93.8043828262436 1.57383271486936 0
83.7148490761713 93.5049276199807 1.57383271486936 0
83.7157583411828 93.2054724137177 1.57383271486936 0
83.7166676061943 92.9060172074548 1.57383271486936 0
83.7175768712059 92.6065620011918 1.57383271486936 0
83.7184861362174 92.3071067949289 1.57383271486936 0
83.7193954012289 92.007651588666 1.57383271486936 0
83.7203046662404 91.708196382403 1.57383271486936 0
83.7212139312519 91.4087411761401 1.57383271486936 0
83.7221231962634 91.1092859698771 1.57383271486936 0
83.7230324612749 90.8098307636142 1.57383271486936 0
83.7239417262864 90.5103755573512 1.57383271486936 0
83.7248509912979 90.2109203510883 1.57383271486936 0
83.7257602563094 89.9114651448254 1.57383271486936 0
83.7266695213209 89.6120099385624 1.57383271486936 0
83.7275787863324 89.3125547322995 1.57383271486936 0
83.7284880513439 89.0130995260365 1.57383271486936 0
83.7293973163554 88.7136443197736 1.57383271486936 0
83.7303065813669 88.4141891135106 1.57383271486936 0
83.7312158463784 88.1147339072477 1.57383271486936 0
83.7321251113899 87.8152787009847 1.57383271486936 0
83.7330343764014 87.5158234947218 1.57383271486936 0
83.7339436414129 87.2163682884589 1.57383271486936 0
83.7348529064244 86.9169130821959 1.57383271486936 0
83.7357621714359 86.617457875933 1.57383271486936 0
83.7366714364474 86.3180026696701 1.57383271486936 0
83.7375807014589 86.0185474634071 1.57383271486936 0
83.7384899664704 85.7190922571442 1.57383271486936 0
83.739399231482 85.4196370508812 1.57383271486936 0
83.7403084964935 85.1201818446183 1.57383271486936 0
83.741217761505 84.8207266383553 1.57383271486936 0
83.7421270265165 84.5212714320924 1.57383271486936 0
83.743036291528 84.2218162258295 1.57383271486936 0
83.7439455565395 83.9223610195665 1.57383271486936 0
83.744854821551 83.6229058133036 1.57383271486936 0
83.7457640865625 83.3234506070406 1.57383271486936 0
83.746673351574 83.0239954007777 1.57383271486936 0
83.7475826165855 82.7245401945147 1.57383271486936 0
83.748491881597 82.4250849882518 1.57383271486936 0
83.7494011466085 82.1256297819889 1.57383271486936 0
83.75031041162 81.8261745757259 1.57383271486936 0
83.7512196766315 81.526719369463 1.57383271486936 0
83.752128941643 81.2272641632 1.57383271486936 0
83.7530382066545 80.9278089569371 1.57383271486936 0
83.753947471666 80.6283537506741 1.57383271486936 0
83.7548567366775 80.3288985444112 1.57383271486936 0
83.755766001689 80.0294433381483 1.57383271486936 0
83.7566752667005 79.7299881318853 1.57383271486936 0
83.757584531712 79.4305329256224 1.57383271486936 0
83.7584937967235 79.1310777193594 1.57383271486936 0
83.759403061735 78.8316225130965 1.57383271486936 0
83.7603123267465 78.5321673068335 1.57383271486936 0
83.761221591758 78.2327121005706 1.57383271486936 0
83.7621308567695 77.9332568943077 1.57383271486936 0
83.763040121781 77.6338016880447 1.57383271486936 0
83.7639493867925 77.3343464817818 1.57383271486936 0
83.7648586518041 77.0348912755188 1.57383271486936 0
83.7657679168156 76.7354360692559 1.57383271486936 0
83.7666771818271 76.4359808629929 1.57383271486936 0
83.7675864468386 76.13652565673 1.57383271486936 0
83.7684957118501 75.8370704504671 1.57383271486936 0
83.7694049768616 75.5376152442041 1.57383271486936 0
83.7703142418731 75.2381600379412 1.57383271486936 0
83.7712235068846 74.9387048316783 1.57383271486936 0
83.7721327718961 74.6392496254153 1.57383271486936 0
83.7730420369076 74.3397944191524 1.57383271486936 0
83.7739513019191 74.0403392128894 1.57383271486936 0
83.7748605669306 73.7408840066265 1.57383271486936 0
83.7757698319421 73.4414288003635 1.57383271486936 0
83.7766790969536 73.1419735941006 1.57383271486936 0
83.7775883619651 72.8425183878376 1.57383271486936 0
83.7784976269766 72.5430631815747 1.57383271486936 0
83.7794068919881 72.2436079753118 1.57383271486936 0
83.7803161569996 71.9441527690488 1.57383271486936 0
83.7812254220111 71.6446975627859 1.57383271486936 0
83.7821346870226 71.3452423565229 1.57383271486936 0
83.7830439520341 71.04578715026 1.57383271486936 0
83.7839532170456 70.746331943997 1.57383271486936 0
83.7848624820571 70.4468767377341 1.57383271486936 0
83.7857717470686 70.1474215314712 1.57383271486936 0
83.7866810120802 69.8479663252082 1.57383271486936 0
83.7875902770917 69.5485111189453 1.57383271486936 0
83.7884995421032 69.2490559126823 1.57383271486936 0
83.7894088071147 68.9496007064194 1.57383271486936 0
83.7903180721262 68.6501455001564 1.57383271486936 0
83.7912273371377 68.3506902938935 1.57383271486936 0
83.7921366021492 68.0512350876306 1.57383271486936 0
83.7930458671607 67.7517798813676 1.57383271486936 0
83.7939551321722 67.4523246751047 1.57383271486936 0
83.7948643971837 67.1528694688417 1.57383271486936 0
83.7957736621952 66.8534142625788 1.57383271486936 0
83.7966829272067 66.5539590563158 1.57383271486936 0
83.7975921922182 66.2545038500529 1.57383271486936 0
83.7985014572297 65.95504864379 1.57383271486936 0
83.7994107222412 65.655593437527 1.57383271486936 0
83.8003199872527 65.3561382312641 1.57383271486936 0
83.8012292522642 65.0566830250011 1.57383271486936 0
83.8021385172757 64.7572278187382 1.57383271486936 0
83.8030477822872 64.4577726124753 1.57383271486936 0
83.8039570472987 64.1583174062123 1.57383271486936 0
83.8048663123102 63.8588621999494 1.57383271486936 0
83.8057755773217 63.5594069936864 1.57383271486936 0
83.8066848423332 63.2599517874235 1.57383271486936 0
83.8075941073447 62.9604965811605 1.57383271486936 0
83.8085033723562 62.6610413748976 1.57383271486936 0
83.8094126373677 62.3615861686347 1.57383271486936 0
83.8103219023792 62.0621309623717 1.57383271486936 0
83.8112311673907 61.7626757561088 1.57383271486936 0
83.8121404324023 61.4632205498458 1.57383271486936 0
83.8130496974138 61.1637653435829 1.57383271486936 0
83.8139589624253 60.86431013732 1.57383271486936 0
83.8148682274368 60.564854931057 1.57383271486936 0
83.8157774924483 60.2653997247941 1.57383271486936 0
83.8166867574598 59.9659445185311 1.57383271486936 0
83.8175960224713 59.6664893122682 1.57383271486936 0
83.8185052874828 59.3670341060052 1.57383271486936 0
83.8194145524943 59.0675788997423 1.57383271486936 0
83.8203238175058 58.7681236934794 1.57383271486936 0
83.8212330825173 58.4686684872164 1.57383271486936 0
83.8221423475288 58.1692132809535 1.57383271486936 0
83.8230516125403 57.8697580746905 1.57383271486936 0
83.8239608775518 57.5703028684276 1.57383271486936 0
83.8248701425633 57.2708476621646 1.57383271486936 0
83.8257794075748 56.9713924559017 1.57383271486936 0
83.8266886725863 56.6719372496388 1.57383271486936 0
83.8275979375978 56.3724820433758 1.57383271486936 0
83.8285072026093 56.0730268371129 1.57383271486936 0
83.8294164676208 55.7735716308499 1.57383271486936 0
83.8303257326323 55.474116424587 1.57383271486936 0
83.8311856143351 55.1746611262159 1.57031904827979 0
83.8284067389523 54.8722778597567 1.5602712377107 0
83.8252240411103 54.5698974911046 1.5602712377107 0
83.8220413432683 54.2675171224525 1.5602712377107 0
83.8188586454263 53.9651367538004 1.5602712377107 0
83.8156759475843 53.6627563851483 1.5602712377107 0
83.8124932497423 53.3603760164961 1.5602712377107 0
83.8093105519003 53.057995647844 1.5602712377107 0
83.8061278540582 52.7556152791919 1.5602712377107 0
83.8029451562162 52.4532349105398 1.5602712377107 0
83.7997624583742 52.1508545418877 1.5602712377107 0
83.7965797605322 51.8484741732356 1.5602712377107 0
83.7933970626902 51.5460938045835 1.5602712377107 0
83.7902143648482 51.2437134359314 1.5602712377107 0
83.7870316670061 50.9413330672792 1.5602712377107 0
83.7838489691641 50.6389526986271 1.5602712377107 0
83.7806662713221 50.336572329975 1.5602712377107 0
83.7774835734801 50.0341919613229 1.5602712377107 0
83.7743008756381 49.7318115926708 1.5602712377107 0
83.7711181777961 49.4294312240187 1.5602712377107 0
83.7679354799541 49.1270508553666 1.5602712377107 0
83.7647527821121 48.8246704867145 1.5602712377107 0
83.76157008427 48.5222901180624 1.5602712377107 0
83.758387386428 48.2199097494102 1.5602712377107 0
83.755204688586 47.9175293807581 1.5602712377107 0
83.752021990744 47.615149012106 1.5602712377107 0
83.748839292902 47.3127686434539 1.5602712377107 0
83.74565659506 47.0103882748018 1.5602712377107 0
83.7424738972179 46.7080079061497 1.5602712377107 0
83.7392911993759 46.4056275374976 1.5602712377107 0
83.7361085015339 46.1032471688455 1.5602712377107 0
83.7329258036919 45.8008668001934 1.5602712377107 0
83.7297431058499 45.4984864315412 1.5602712377107 0
83.7265604080079 45.1961060628891 1.5602712377107 0
83.7233777101659 44.893725694237 1.5602712377107 0
83.7201950123238 44.5913453255849 1.5602712377107 0
83.7170123144818 44.2889649569328 1.5602712377107 0
83.7138296166398 43.9865845882807 1.5602712377107 0
83.7106469187978 43.6842042196286 1.5602712377107 0
83.7074642209558 43.3818238509765 1.5602712377107 0
83.7042815231138 43.0794434823244 1.5602712377107 0
83.7010988252718 42.7770631136722 1.5602712377107 0
83.6979161274297 42.4746827450201 1.5602712377107 0
83.6947334295877 42.172302376368 1.5602712377107 0
83.6915507317457 41.8699220077159 1.5602712377107 0
83.6883680339037 41.5675416390638 1.5602712377107 0
83.6851853360617 41.2651612704117 1.5602712377107 0
83.6820026382197 40.9627809017596 1.5602712377107 0
83.6788199403777 40.6604005331075 1.5602712377107 0
83.6756372425356 40.3580201644554 1.5602712377107 0
83.6713256209588 40.0556580017047 1.54347034949405 0
83.6574677122253 39.7553656005516 1.5058916397997 0
83.6330848909607 39.4557358844196 1.48201074720003 0
83.6064283647266 39.1562903423993 1.48201074720003 0
83.5797718384924 38.856844800379 1.48201074720003 0
83.5531153122582 38.5573992583587 1.48201074720003 0
83.5264587860241 38.2579537163384 1.48201074720003 0
83.4998022597899 37.9585081743181 1.48201074720003 0
83.4731457335557 37.6590626322978 1.48201074720003 0
83.4464892073216 37.3596170902775 1.48201074720003 0
83.4174234670357 37.0604059425745 1.45741079755455 0
83.3778057028508 36.7624160088758 1.4198320878602 0
83.3270204668557 36.4661248891478 1.38225337816585 0
83.2651394674605 36.1719509444507 1.3446746684715 0
83.1922500802187 35.8803095464081 1.30709595877715 0
83.1084552244527 35.5916124907045 1.26951724908279 0
83.0138732179332 35.3062674156331 1.23193853938844 0
82.9086376098145 35.0246772265131 1.19435982969409 0
82.7928969920648 34.74723952679 1.15678111999974 0
82.6668147896546 34.4743460566222 1.11920241030539 0
82.5305690298026 34.2063821397471 1.08162370061104 0
82.3843520906014 33.9437261394055 1.04404499091669 0
82.2283704293819 33.6867489240965 1.00646628122233 0
82.0628442911965 33.4358133439127 0.968887571527983 0
81.8880073978345 33.1912737181989 0.931308861833632 0
81.7041066178087 32.9534753352551 0.893730152139281 0
81.5114016177786 32.7227539647925 0.856151442444929 0
81.3101644959031 32.4994353838279 0.818572732750578 0
81.1006793976392 32.2838349166899 0.780994023056227 0
80.8832421145313 32.076256989782 0.743415313361875 0
80.6581596665546 31.8769947017353 0.705836603667524 0
80.4257498686059 31.686329409555 0.668257893973172 0
80.1863408817504 31.5045303313462 0.630679184278821 0
79.9402707498608 31.3318541661796 0.59310047458447 0
79.6878869223019 31.1685447316344 0.555521764890119 0
79.4295457633338 31.0148326195295 0.517943055195767 0
79.1656120489285 30.870934870329 0.480364345501416 0
78.8964584517084 30.7370546666832 0.442785635807064 0
78.6224650147353 30.6133810465356 0.405206926112713 0
78.3440186148919 30.5000886362027 0.367628216418362 0
78.0615124166147 30.3973374038028 0.33004950672401 0
77.7753453167478 30.3052724333822 0.292470797029659 0
77.4859213813039 30.2240237200576 0.254892087335308 0
77.1936492749254 30.1537059864633 0.217313377640956 0
76.8989416838528 30.0944185207646 0.179734667946605 0
76.6022147332148 30.0462450364624 0.142155958252254 0
76.3038873994618 30.0092535541915 0.104577248557902 0
76.0043809187746 29.9834963056749 0.0669985388635508 0
75.7041181922815 29.9690096599737 0.0294198291691994 0
75.4035231889246 29.9658140721337 -0.00815888052515223 0
75.1030203468189 29.9739140543034 -0.0457375902195034 0
74.8030339739482 29.9932981693626 -0.0833162999138546 0
75.0148957225593 29.9701781790116 -0.120895009608206 0
75.3125797481031 29.9283238033648 -0.158473719302557 0
75.6084811464539 29.8753150278762 -0.196052428996909 0
75.9021821068353 29.8112267005788 -0.23363113869126 0
76.1932679254747 29.736149313758 -0.271209848385612 0
76.4813275911616 29.650188876177 -0.308788558079963 0
76.7659543655933 29.5534667633933 -0.346367267774314 0
77.0467463576863 29.4461195463769 -0.383945977468666 0
77.323307091044 29.3282987986733 -0.421524687163017 0
77.5952460637784 29.2001708823828 -0.459103396857368 0
77.8621792998962 29.0619167132579 -0.49668210655172 0
78.1237298914706 28.9137315052517 -0.534260816246071 0
78.3795285308326 28.7558244948775 -0.571839525940422 0
78.6292140320306 28.5884186457674 -0.609418235634774 0
78.872433840823 28.4117503338501 -0.646996945329125 0
79.1088445324823 28.2260690135889 -0.684575655023477 0
79.3381122967082 28.0316368657541 -0.722154364717828 0
79.5599134089657 27.8287284272257 -0.759733074412179 0
79.7739346875823 27.6176302033485 -0.797311784106531 0
79.9798739359576 27.3986402633892 -0.834890493800882 0
80.1774403692637 27.1720678196643 -0.872469203495233 0
80.3663550250308 26.9382327909343 -0.910047913189585 0
80.5463511570407 26.6974653506808 -0.947626622883936 0
80.7171746119704 26.4501054609035 -0.985205332578287 0
80.8785841882552 26.1965023920965 -1.02278404227264 0
81.0303519766632 25.9370142300804 -1.06036275196699 0
81.172263682102 25.6720073703876 -1.09794146166134 0
81.304118926202 25.4018560009147 -1.13552017135569 0
81.4257315302487 25.126941573571 -1.17309888105004 0
81.5369297780665 24.8476522656714 -1.2106775907444 0
81.6375566584804 24.5643824318329 -1.24825630043875 0
81.7274700870147 24.2775320471478 -1.2858350101331 0
81.8065431065156 23.9875061424224 -1.32341371982745 0
81.8859757385312 23.6962529766331 -1.28567515224292 0
81.9763406817608 23.4082041497888 -1.24793658465839 0
82.0775092537723 23.1237698521938 -1.21019801707386 0
82.1893373874374 22.8433551269524 -1.17245944948933 0
82.3116658360871 22.5673592931755 -1.1347208819048 0
82.4443204002842 22.2961753773381 -1.09698231432027 0
82.5871121758881 22.0301895535972 -1.05924374673574 0
82.7398378230607 21.7697805938685 -1.02150517915121 0
82.9022798558278 21.5153193284435 -0.983766611566683 0
83.0742069517865 21.2671681179156 -0.946028043982153 0
83.2553742815146 21.025680337168 -0.908289476397623 0
83.4455238572159 20.7911998721568 -0.870550908813094 0
83.6408814694479 20.5610170465558 -0.866874758232572 0
83.8362803321856 20.3308691563328 -0.866874758232572 0
84.0316791949234 20.1007212661099 -0.866874758232572 0
84.2270780576611 19.870573375887 -0.866874758232572 0
84.4224769203989 19.6404254856641 -0.866874758232572 0
84.6178757831366 19.4102775954412 -0.866874758232572 0
84.8132746458743 19.1801297052183 -0.866874758232572 0
85.0086735086121 18.9499818149954 -0.866874758232572 0
85.2040723713498 18.7198339247725 -0.866874758232572 0
85.3994712340876 18.4896860345496 -0.866874758232572 0
85.5948700968253 18.2595381443267 -0.866874758232572 0
85.790268959563 18.0293902541038 -0.866874758232572 0
85.9856678223008 17.7992423638809 -0.866874758232572 0
86.1810666850385 17.569094473658 -0.866874758232572 0
86.3764655477762 17.3389465834351 -0.866874758232572 0
86.571864410514 17.1087986932122 -0.866874758232572 0
86.7672632732517 16.8786508029893 -0.866874758232572 0
86.9626621359895 16.6485029127664 -0.866874758232572 0
87.1580609987272 16.4183550225435 -0.866874758232572 0
87.3534598614649 16.1882071323206 -0.866874758232572 0
87.5488587242027 15.9580592420977 -0.866874758232572 0
87.7442575869404 15.7279113518748 -0.866874758232572 0
87.9396564496782 15.4977634616519 -0.866874758232572 0
88.1350553124159 15.267615571429 -0.866874758232572 0
88.3304541751536 15.0374676812061 -0.866874758232572 0
88.5258530378914 14.8073197909832 -0.866874758232572 0
88.7212519006291 14.5771719007603 -0.866874758232572 0
88.9166507633668 14.3470240105374 -0.866874758232572 0
89.1120496261046 14.1168761203144 -0.866874758232572 0
89.3074484888423 13.8867282300915 -0.866874758232572 0
89.5028473515801 13.6565803398686 -0.866874758232572 0
89.6982462143178 13.4264324496457 -0.866874758232572 0
89.8936450770555 13.1962845594228 -0.866874758232572 0
90.0890439397933 12.9661366691999 -0.866874758232572 0
90.284442802531 12.735988778977 -0.866874758232572 0
90.4798416652688 12.5058408887541 -0.866874758232572 0
90.6752405280065 12.2756929985312 -0.866874758232572 0
90.8706393907442 12.0455451083083 -0.866874758232572 0
91.066038253482 11.8153972180854 -0.866874758232572 0
91.2614371162197 11.5852493278625 -0.866874758232572 0
91.4568359789575 11.3551014376396 -0.866874758232572 0
91.6522348416952 11.1249535474167 -0.866874758232572 0
91.8476337044329 10.8948056571938 -0.866874758232572 0
92.0430325671707 10.6646577669709 -0.866874758232572 0
92.2384314299084 10.434509876748 -0.866874758232572 0
92.4338302926461 10.2043619865251 -0.866874758232572 0
92.6292291553839 9.97421409630218 -0.866874758232572 0
92.8246280181216 9.74406620607928 -0.866874758232572 0
93.0200268808594 9.51391831585638 -0.866874758232572 0
93.2154257435971 9.28377042563347 -0.866874758232572 0
93.4108246063348 9.05362253541057 -0.866874758232572 0
93.6062234690726 8.82347464518766 -0.866874758232572 0
93.8028 8.59434 -0.847167 0
