93.8028 8.59434 -0.847167 0
93.6055745977051 8.82620330788386 -0.880899599872283 0
93.4118269578287 9.06100268376668 -0.880899599872283 0
93.2180793179522 9.2958020596495 -0.880899599872283 0
93.0243316780757 9.53060143553232 -0.880899599872283 0
92.8305840381992 9.76540081141514 -0.880899599872283 0
92.6368363983227 10.000200187298 -0.880899599872283 0
92.4430887584463 10.2349995631808 -0.880899599872283 0
92.2493411185698 10.4697989390636 -0.880899599872283 0
92.0555934786933 10.7045983149464 -0.880899599872283 0
91.8618458388168 10.9393976908292 -0.880899599872283 0
91.6680981989403 11.1741970667121 -0.880899599872283 0
91.4743505590638 11.4089964425949 -0.880899599872283 0
91.2806029191873 11.6437958184777 -0.880899599872283 0
91.0868552793109 11.8785951943605 -0.880899599872283 0
90.8931076394344 12.1133945702434 -0.880899599872283 0
90.6993599995579 12.3481939461262 -0.880899599872283 0
90.5056123596814 12.582993322009 -0.880899599872283 0
90.3118647198049 12.8177926978918 -0.880899599872283 0
90.1181170799285 13.0525920737746 -0.880899599872283 0
89.924369440052 13.2873914496575 -0.880899599872283 0
89.7306218001755 13.5221908255403 -0.880899599872283 0
89.536874160299 13.7569902014231 -0.880899599872283 0
89.3431265204225 13.9917895773059 -0.880899599872283 0
89.149378880546 14.2265889531888 -0.880899599872283 0
88.9556312406696 14.4613883290716 -0.880899599872283 0
88.7618836007931 14.6961877049544 -0.880899599872283 0
88.5681359609166 14.9309870808372 -0.880899599872283 0
88.3743883210401 15.16578645672 -0.880899599872283 0
88.1806406811636 15.4005858326029 -0.880899599872283 0
87.9868930412871 15.6353852084857 -0.880899599872283 0
87.7932996733891 15.8703112743651 -0.887964042911969 0
87.6056282204309 16.1010482777371 -0.88796404291197 0
87.4179567674726 16.3317852811092 -0.88796404291197 0
87.2302853145144 16.5625222844813 -0.88796404291197 0
87.0426138615562 16.7932592878534 -0.88796404291197 0
86.854942408598 17.0239962912255 -0.88796404291197 0
86.6672709556397 17.2547332945975 -0.88796404291197 0
86.4795995026815 17.4854702979696 -0.88796404291197 0
86.2919312061258 17.71620986686 -0.888972448253127 0
86.102214715405 17.949942283582 -0.888972448253126 0
85.9124982246841 18.1836747003039 -0.888972448253126 0
85.7227817339632 18.4174071170259 -0.888972448253126 0
85.5330652432423 18.6511395337479 -0.888972448253126 0
85.3433487525214 18.8848719504698 -0.888972448253126 0
85.1536322618005 19.1186043671918 -0.888972448253126 0
84.9639157710796 19.3523367839137 -0.888972448253126 0
84.7741992803587 19.5860692006357 -0.888972448253126 0
84.5844827896378 19.8198016173577 -0.888972448253126 0
84.3947662989169 20.0535340340796 -0.888972448253126 0
84.2050498081961 20.2872664508016 -0.888972448253126 0
84.0153333174752 20.5209988675236 -0.888972448253126 0
83.8256168267543 20.7547312842455 -0.888972448253126 0
83.6360985907623 20.988623747806 -0.896953587647489 0
83.4527233568472 21.2273411961182 -0.934583194815195 0
83.2784586601396 21.4727883635974 -0.972212801982902 0
83.1135512281275 21.7246177411714 -1.00984240915061 0
82.9582345400938 21.9824727837057 -1.04747201631832 0
82.812728496552 22.2459884148074 -1.08510162348602 0
82.6776710856005 22.5138929896835 -1.12260660596316 0
82.5527540519766 22.7866733045947 -1.1601115884403 0
82.4381530863461 23.0639457052569 -1.19761657091744 0
82.3340293702497 23.3453202194523 -1.23512155339458 0
82.2405293494079 23.6304011055093 -1.27262653587172 0
82.1577845277512 23.9187874088967 -1.31013151834886 0
82.0858939746059 24.2100695711902 -1.34465707301704 0
82.0131531836545 24.5011402547435 -1.3071520905399 0
81.9295495043592 24.7892787462727 -1.26964710806276 0
81.8352005218534 25.0740797908504 -1.23214212558562 0
81.7302389340972 25.3551428275311 -1.19463714310848 0
81.6148123652432 25.6320725527233 -1.15713216063134 0
81.489083158009 25.9044794761682 -1.1196271781542 0
81.3532281453491 26.1719804687413 -1.08212219567706 0
81.2074384017463 26.434199301308 -1.04461721319992 0
81.0519189744738 26.6907671738745 -1.00711223072278 0
80.8868885952042 26.9413232342892 -0.969607248245642 0
80.7125793723725 27.1855150857673 -0.932102265768502 0
80.5292364647255 27.4229992825214 -0.894597283291362 0
80.3371177365155 27.6534418128048 -0.857092300814222 0
80.1364933948254 27.8765185686846 -0.819587318337083 0
79.9276456095331 28.0919158018863 -0.782082335859943 0
79.7108681164518 28.2993305650683 -0.744577353382803 0
79.4864658042019 28.498471137904 -0.707072370905663 0
79.2547542853982 28.6890574373752 -0.669567388428523 0
79.0160594527539 28.8708214116971 -0.632062405951383 0
78.7707170207252 29.043507417322 -0.594557423474243 0
78.5190720533435 29.2068725784915 -0.557052440997104 0
78.2614784788967 29.360687128831 -0.519547458519964 0
77.9982985921436 29.5047347345073 -0.482042476042824 0
77.7299025447614 29.6388127984926 -0.444537493565684 0
77.4566678247423 29.762732745509 -0.407032511088544 0
77.1789787254727 29.8763202872522 -0.369527528611404 0
76.8972258052397 29.9794156675204 -0.332022546134265 0
76.6118053379276 30.0718738869051 -0.294517563657125 0
76.3231187556746 30.1535649067267 -0.257012581179985 0
76.031572084275 30.2243738319287 -0.219507598702845 0
75.7375753721209 30.2842010726724 -0.182002616225705 0
75.4415421134858 30.3329624844065 -0.144497633748565 0
75.1438886669619 30.3705894862127 -0.106992651271425 0
75.2033133387553 30.3680455862043 -0.0694876687942855 0
75.3223452092492 30.3644330222412 -0.0317045661002007 0
75.624567241773 30.3605604349522 0.00607853659388416 0
75.9267198630381 30.3681067809375 0.043861639287969 0
76.2283717824993 30.3870612885955 0.0816447419820538 0
76.5290924243092 30.417396902394 0.119427844676139 0
76.8284525419201 30.4590703214894 0.157210947370223 0
77.1260248307869 30.5120220615337 0.194994050064308 0
77.4213845382987 30.5761765395823 0.232777152758393 0
77.7141100700678 30.6514421819805 0.270560255452478 0
78.0037835917107 30.7377115550749 0.308343358146563 0
78.2899916252619 30.8348615185638 0.346126460840648 0
78.5723256393693 30.9427534012665 0.383909563534732 0
78.8503826324293 31.0612331990616 0.421692666228817 0
79.1237657078282 31.1901317947117 0.459475768922902 0
79.3920846404698 31.3292651992599 0.497258871616987 0
79.6549564337802 31.4784348146544 0.535041974311072 0
79.9120058663938 31.637427717226 0.572825077005157 0
80.1628660277425 31.8060169616138 0.610608179699242 0
80.4071788417805 31.9839619047056 0.648391282393326 0
80.6445955781002 32.17100854913 0.686174385087411 0
80.8747773497071 32.3668899058106 0.723957487781496 0
81.0973955967448 32.5713263750644 0.761740590475581 0
81.3121325554796 32.7840261457001 0.799523693169666 0
81.5186817118731 33.0046856115479 0.83730679586375 0
81.7167482390995 33.2329898048243 0.875089898557835 0
81.9060494183785 33.4686128457154 0.91287300125192 0
82.0863150425262 33.7112184075349 0.950656103946005 0
82.2572878016474 33.960460196795 0.98843920664009 0
82.4187236504175 34.2159824475033 1.02622230933417 0
82.5703921564313 34.4774204289801 1.06400541202826 0
82.7120768291205 34.7444009664732 1.10178851472234 0
82.843575428771 35.0165429738243 1.13957161741643 0
82.9647002551982 35.2934579974292 1.17735472011051 0
83.0752784156693 35.5747507707134 1.2151378228046 0
83.1751520716888 35.8600197783333 1.25292092549868 0
83.2641786642963 36.1488578292958 1.29070402819277 0
83.3422311175541 36.4408526381804 1.32848713088685 0
83.4091980199345 36.7355874136324 1.36627023358094 0
83.4649837833477 37.0326414532877 1.40405333627502 0
83.5095087795841 37.3315907442808 1.44183643896911 0
83.5427094539744 37.6320085684776 1.47961954166319 0
83.564624541469 37.9334612412001 1.51275875017571 0
83.582157412502 38.2352171372181 1.51275875017571 0
83.5954089230832 38.5371749463295 1.54549346644421 0
83.5973467077112 38.8394155770625 1.5832765691383 0
83.5878662373959 39.1415136978076 1.62105967183238 0
83.5669810444946 39.4430380958131 1.65884277452647 0
83.534720940386 39.7435583772552 1.69662587722055 0
83.491131972918 40.0426455815789 1.73440897991464 0
83.4362763606787 40.3398727937937 1.77219208260872 0
83.3702324041867 40.6348157538487 1.80997518530281 0
83.2930943741252 40.9270534622188 1.84775828799689 0
83.2049723767805 41.2161687808359 1.88554139069098 0
83.1059921968775 41.5017490285098 1.92332449338506 0
82.9962951180348 41.7833865699856 1.96110759607915 0
82.8789641134155 42.0685728509607 1.96110759607915 0
82.7616331087961 42.3537591319359 1.96110759607915 0
82.6443021041768 42.638945412911 1.96110759607915 0
82.5269710995574 42.9241316938862 1.96110759607915 0
82.4096400949381 43.2093179748613 1.96110759607915 0
82.2923090903187 43.4945042558364 1.96110759607915 0
82.1749780856994 43.7796905368116 1.96110759607915 0
82.05764708108 44.0648768177867 1.96110759607915 0
81.9403160764607 44.3500630987618 1.96110759607915 0
81.8229850718413 44.635249379737 1.96110759607915 0
81.7041874804111 44.9198208505446 1.98104662303487 0
81.575774553779 45.2001708547423 2.01959403286627 0
81.4366529294918 45.4753638383657 2.05814144269766 0
81.2870293031653 45.7449909420196 2.09668885252906 0
81.1271259734371 46.0086515756411 2.13523626236046 0
80.9571805116939 46.2659540136645 2.17378367219185 0
80.7774454091069 46.5165159770147 2.21233108202325 0
80.5881877015008 46.7599652010668 2.25087849185464 0
80.389688572614 46.9959399887265 2.28942590168604 0
80.1822429363384 47.2240897478104 2.32797331151744 0
79.9661589985601 47.4440755119274 2.36652072134883 0
79.7417577992527 47.6555704440871 2.40506813118023 0
79.5093727355014 47.8582603222881 2.44361554101162 0
79.2693490661693 48.0518440063636 2.48216295084302 0
79.0220433989396 48.2360338853906 2.52071036067442 0
78.7678231604968 48.4105563049989 2.55925777050581 0
78.507066050634 48.5751519739451 2.59780518033721 0
78.240159481097 48.7295763493458 2.6363525901686 0
77.9675 48.8736 2.6749 0
