93.8028 8.59434 -0.847167 0
93.6046864878077 8.8218142407629 -0.855115438883034 0
93.4067632426027 9.04945479736628 -0.855115438883034 0
93.2088399973976 9.27709535396966 -0.855115438883034 0
93.0109167521926 9.50473591057303 -0.855115438883034 0
92.8129935069875 9.73237646717641 -0.855115438883034 0
92.6150702617824 9.96001702377979 -0.855115438883034 0
92.4171470165774 10.1876575803832 -0.855115438883034 0
92.2192237713723 10.4152981369865 -0.855115438883034 0
92.0213005261673 10.6429386935899 -0.855115438883034 0
91.8233772809622 10.8705792501933 -0.855115438883034 0
91.6254540357572 11.0982198067967 -0.855115438883034 0
91.4275307905521 11.3258603634 -0.855115438883034 0
91.2296075453471 11.5535009200034 -0.855115438883034 0
91.031684300142 11.7811414766068 -0.855115438883034 0
90.833761054937 12.0087820332102 -0.855115438883034 0
90.6358378097319 12.2364225898136 -0.855115438883034 0
90.4379145645268 12.4640631464169 -0.855115438883034 0
90.2399913193218 12.6917037030203 -0.855115438883034 0
90.0420680741167 12.9193442596237 -0.855115438883034 0
89.8441448289117 13.1469848162271 -0.855115438883034 0
89.6462215837066 13.3746253728304 -0.855115438883034 0
89.4482983385016 13.6022659294338 -0.855115438883034 0
89.2503750932965 13.8299064860372 -0.855115438883034 0
89.0524518480915 14.0575470426406 -0.855115438883034 0
88.8545286028864 14.2851875992439 -0.855115438883034 0
88.6566053576814 14.5128281558473 -0.855115438883034 0
88.4586821124763 14.7404687124507 -0.855115438883034 0
88.2607588672712 14.9681092690541 -0.855115438883034 0
88.0628356220662 15.1957498256575 -0.855115438883034 0
87.8649123768611 15.4233903822608 -0.855115438883034 0
87.6669891316561 15.6510309388642 -0.855115438883034 0
87.469065886451 15.8786714954676 -0.855115438883034 0
87.271142641246 16.106312052071 -0.855115438883034 0
87.0732193960409 16.3339526086743 -0.855115438883034 0
86.8752961508359 16.5615931652777 -0.855115438883034 0
86.6773729056308 16.7892337218811 -0.855115438883034 0
86.4794496604258 17.0168742784845 -0.855115438883034 0
86.2815264152207 17.2445148350878 -0.855115438883034 0
86.0836031700156 17.4721553916912 -0.855115438883034 0
85.8856799248106 17.6997959482946 -0.855115438883034 0
85.6877566796055 17.927436504898 -0.855115438883034 0
85.4898334344005 18.1550770615014 -0.855115438883034 0
85.2919101891954 18.3827176181047 -0.855115438883034 0
85.0939869439904 18.6103581747081 -0.855115438883034 0
84.8960636987853 18.8379987313115 -0.855115438883034 0
84.6981404535803 19.0656392879149 -0.855115438883034 0
84.5002172083752 19.2932798445182 -0.855115438883034 0
84.3022939631702 19.5209204011216 -0.855115438883034 0
84.1043707179651 19.748560957725 -0.855115438883034 0
83.90644747276 19.9762015143284 -0.855115438883034 0
83.708524227555 20.2038420709317 -0.855115438883034 0
83.5106009823499 20.4314826275351 -0.855115438883034 0
83.3126777371449 20.6591231841385 -0.855115438883034 0
83.1147544919398 20.8867637407419 -0.855115438883034 0
82.9168312467348 21.1144042973453 -0.855115438883034 0
82.7189080015297 21.3420448539486 -0.855115438883034 0
82.5209847563247 21.569685410552 -0.855115438883034 0
82.3230615111196 21.7973259671554 -0.855115438883034 0
82.1251382659146 22.0249665237588 -0.855115438883034 0
81.9272150207095 22.2526070803621 -0.855115438883034 0
81.7292917755045 22.4802476369655 -0.855115438883034 0
81.5313685302994 22.7078881935689 -0.855115438883034 0
81.3334452850943 22.9355287501723 -0.855115438883034 0
81.1355220398893 23.1631693067757 -0.855115438883034 0
80.9375987946842 23.390809863379 -0.855115438883034 0
80.7396755494792 23.6184504199824 -0.855115438883034 0
80.5417523042741 23.8460909765858 -0.855115438883034 0
80.3438290590691 24.0737315331892 -0.855115438883034 0
80.145905813864 24.3013720897925 -0.855115438883034 0
79.947982568659 24.5290126463959 -0.855115438883034 0
79.7500593234539 24.7566532029993 -0.855115438883034 0
79.5521360782489 24.9842937596027 -0.855115438883034 0
79.3542128330438 25.211934316206 -0.855115438883034 0
79.1540967967544 25.4376333337225 -0.828055939890604 0
78.9459465255654 25.6559370625664 -0.790349459594772 0
78.7297146938165 25.8662388656061 -0.752642979298941 0
78.5057086988874 26.0682397756512 -0.714936499003109 0
78.2742469899876 26.2616526261456 -0.677230018707279 0
78.0356586154455 26.4462024594064 -0.639523538411446 0
77.7902827549304 26.6216269175063 -0.601817058115615 0
77.5425515207141 26.7850914325047 -0.564714683230039 0
77.2889272483098 26.9392541404381 -0.527612308344463 0
77.029759033347 27.0839028473906 -0.490509933458886 0
76.7654036022949 27.2188384547862 -0.45340755857331 0
76.4983306901069 27.3483512814833 -0.451472123336034 0
76.2312512320019 27.4778506300374 -0.451472123336034 0
75.9641717738969 27.6073499785915 -0.451472123336034 0
75.6970923157919 27.7368493271455 -0.451472123336034 0
75.4300128576869 27.8663486756996 -0.451472123336034 0
75.162933399582 27.9958480242537 -0.451472123336034 0
74.895853941477 28.1253473728078 -0.451472123336034 0
74.628774483372 28.2548467213619 -0.451472123336034 0
74.361695025267 28.384346069916 -0.451472123336034 0
74.094615567162 28.51384541847 -0.451472123336034 0
73.827536109057 28.6433447670241 -0.451472123336034 0
73.560456650952 28.7728441155782 -0.451472123336034 0
73.293377192847 28.9023434641323 -0.451472123336034 0
73.026297734742 29.0318428126864 -0.451472123336034 0
72.759218276637 29.1613421612405 -0.451472123336034 0
72.492138818532 29.2908415097945 -0.451472123336034 0
72.225059360427 29.4203408583486 -0.451472123336034 0
71.9575613440749 29.5489654362005 -0.435901667425411 0
71.6862350394978 29.6692710824294 -0.398799292539835 0
71.4106328643611 29.7794293918296 -0.361696917654259 0
71.131134165302 29.8792887393851 -0.324594542768682 0
70.8481236522433 29.9687116758625 -0.287492167883106 0
70.5619908688683 30.0475751170002 -0.25038979299753 0
70.2731296564415 30.1157705129249 -0.213287418111954 0
69.9819376117144 30.1732039975628 -0.176185043226378 0
69.6888155396621 30.2197965178394 -0.139082668340802 0
69.3941669018038 30.2554839424907 -0.101980293455225 0
69.0983972608673 30.280217150335 -0.064877918569649 0
68.8006747309645 30.2939964243479 -0.0276206103070463 0
68.5026641901155 30.2992446812323 -0.0157031559200393 0
68.2046424722448 30.3039249474428 -0.0157031559200393 0
67.9066207543742 30.3086052136533 -0.0157031559200393 0
67.6085990365035 30.3132854798638 -0.0157031559200393 0
67.3105773186329 30.3179657460743 -0.0157031559200393 0
67.0125556007622 30.3226460122848 -0.0157031559200393 0
66.7145338828916 30.3273262784953 -0.0157031559200393 0
66.4165121650209 30.3320065447058 -0.0157031559200393 0
66.1184904471503 30.3366868109163 -0.0157031559200393 0
65.8204687292796 30.3413670771268 -0.0157031559200393 0
65.522447011409 30.3460473433372 -0.0157031559200393 0
65.2244252935383 30.3507276095477 -0.0157031559200393 0
64.9264035756677 30.3554078757582 -0.0157031559200393 0
64.628381857797 30.3600881419687 -0.0157031559200393 0
64.3303601399264 30.3647684081792 -0.0157031559200393 0
64.0323384220557 30.3694486743897 -0.0157031559200393 0
63.7343167041851 30.3741289406002 -0.0157031559200393 0
63.4362949863144 30.3788092068107 -0.0157031559200393 0
63.1382732684438 30.3834894730212 -0.0157031559200393 0
62.8402515505731 30.3881697392317 -0.0157031559200393 0
62.5422298327025 30.3928500054422 -0.0157031559200393 0
62.2442081148318 30.3975302716527 -0.0157031559200393 0
61.9461863969612 30.4022105378632 -0.0157031559200393 0
61.6481646790905 30.4068908040736 -0.0157031559200393 0
61.3501429612199 30.4115710702841 -0.0157031559200393 0
61.0521212433492 30.4162513364946 -0.0157031559200393 0
60.7540995254786 30.4209316027051 -0.0157031559200393 0
60.4560778076079 30.4256118689156 -0.0157031559200393 0
60.1580560897373 30.4302921351261 -0.0157031559200393 0
59.8600343718666 30.4349724013366 -0.0157031559200393 0
59.5620863852187 30.442625975258 -0.0429716504960091 0
59.2646104523257 30.4609737967493 -0.080228958758612 0
58.968024392069 30.4903894739537 -0.117486267021215 0
58.670839552445 30.5311288421568 -0.154983989627673 0
58.3753908966092 30.5829807156891 -0.192481712234132 0
58.0820474688497 30.645669930565 -0.222776943548345 0
57.7894789349627 30.7119475423368 -0.222776943548345 0
57.4969104010757 30.7782251541085 -0.222776943548345 0
57.2043418671888 30.8445027658803 -0.222776943548345 0
56.9117733333018 30.9107803776521 -0.222776943548345 0
56.6192047994148 30.9770579894238 -0.222776943548345 0
56.3266362655279 31.0433356011956 -0.222776943548345 0
56.0340677316409 31.1096132129674 -0.222776943548345 0
55.7414991977539 31.1758908247391 -0.222776943548345 0
55.4501719461815 31.2473541003114 -0.259288427214573 0
55.1617275673412 31.3296849289203 -0.296786149821032 0
54.8765724477066 31.4227713552678 -0.33428387242749 0
54.5951074909819 31.5264825078016 -0.371781595033949 0
54.3128341815417 31.6349760960496 -0.366592090264601 0
54.0305220861184 31.7433691852646 -0.366592090264601 0
53.748209990695 31.8517622744795 -0.366592090264601 0
53.4658978952717 31.9601553636945 -0.366592090264601 0
53.1835857998483 32.0685484529095 -0.366592090264601 0
52.9012737044249 32.1769415421245 -0.366592090264601 0
52.6189616090016 32.2853346313395 -0.366592090264601 0
52.3366495135782 32.3937277205544 -0.366592090264601 0
52.0539107187711 32.5009899224489 -0.349208767942734 0
51.7678694296148 32.5990647569735 -0.311408060894971 0
51.4783260621255 32.6862595424377 -0.273607353847208 0
51.1856942936636 32.7624497016186 -0.235806646799444 0
50.8903922140597 32.8275263798592 -0.198005939751681 0
50.5928417282806 32.8813966005919 -0.160205232703918 0
50.2934679536431 32.9239833981763 -0.122404525656155 0
49.9926986124395 32.9552259278617 -0.0846038186083913 0
49.6909634208405 32.9750795527174 -0.0468031115606281 0
49.3886934749498 32.9835159074068 -0.00900240451286471 0
49.0863206348871 32.9805229387131 0.0287983025348985 0
48.7842769077793 32.9661049227606 0.0665990095826619 0
48.4829938305419 32.9402824589047 0.104399716630425 0
48.1829018533324 32.9030924403017 0.142200423678188 0
47.8844297245558 32.8545880011984 0.180001130725952 0
47.5880038783017 32.7948384410178 0.217801837773715 0
47.2940478250885 32.7239291253497 0.255602544821478 0
47.0029815467835 32.6419613639868 0.293403251869241 0
46.7152208965651 32.5490522661809 0.331203958917005 0
46.431177004784 32.4453345733265 0.369004665964768 0
46.1512556915713 32.3309564693097 0.406805373012531 0
45.8759822934069 32.2061411135303 0.444588716218655 0
45.6056201788483 32.0710165643664 0.482372059424779 0
45.3405552658059 31.9257757001126 0.520155402630903 0
45.0811659109051 31.7706258392054 0.557938745837027 0
45.1713042619898 31.8322361591266 0.59572208904315 0
45.4182403646583 32.006525797299 0.633505432249274 0
45.6584165491478 32.1900188957507 0.671288775455398 0
45.8914899852827 32.382453534378 0.709072118661522 0
46.1171279814301 32.5835550298223 0.746855461867646 0
46.3350084593871 32.793036327557 0.78463880507377 0
46.5448204141192 33.0105984116314 0.822422148279894 0
46.7462643576926 33.2359307314903 0.860205491486018 0
46.9390527467661 33.4687116452564 0.897988834692141 0
47.1229103930338 33.7086088788466 0.935772177898265 0
47.2975748560326 33.9552800002628 0.973555521104389 0
47.4627968177515 34.2083729083837 1.01133886431051 0
47.6183404385122 34.4675263355577 1.04912220751664 0
47.7639836936082 34.7323703632804 1.08690555072276 0
47.8995186902262 35.0025269502205 1.12468889392888 0
48.0247519641939 35.2776104718401 1.16247223713501 0
48.1395047561336 35.5572282708398 1.20025558034113 0
48.2436132666249 35.8409812176415 1.23803892354726 0
48.3369288900139 36.128464280111 1.27582226675338 0
48.4193184265347 36.4192671017054 1.3136056099595 0
48.4906642724401 36.7129745872201 1.35138895316563 0
48.5508645878707 37.009167495301 1.38917229637175 0
48.599833442222 37.3074230368738 1.42695563957788 0
48.6375009368027 37.6073154786381 1.464738982784 0
48.6638133046094 37.9084167507639 1.50252232599012 0
48.6787329870736 38.2102970579231 1.54030566919625 0
48.6822386876733 38.5125254927843 1.57808901240237 0
48.6743254023323 38.8146706510947 1.6158723556085 0
48.6555798074236 39.1163441158083 1.63667071933207 0
48.6413845616998 39.4182593551955 1.59888737612595 0
48.6297634348274 39.7191804009702 1.61151296762221 0
48.6175051134117 40.0200781736339 1.61151296762221 0
48.6052467919959 40.3209759462976 1.61151296762221 0
48.5929884705802 40.6218737189613 1.61151296762221 0
48.5807301491644 40.922771491625 1.61151296762221 0
48.5684718277487 41.2236692642887 1.61151296762221 0
48.556213506333 41.5245670369525 1.61151296762221 0
48.5439551849172 41.8254648096162 1.61151296762221 0
48.5316968635015 42.1263625822799 1.61151296762221 0
48.5194385420857 42.4272603549436 1.61151296762221 0
48.50718022067 42.7281581276073 1.61151296762221 0
48.4949218992543 43.029055900271 1.61151296762221 0
48.4826635778385 43.3299536729347 1.61151296762221 0
48.4704052564228 43.6308514455984 1.61151296762221 0
48.4581469350071 43.9317492182622 1.61151296762221 0
48.4458886135913 44.2326469909259 1.61151296762221 0
48.4336302921756 44.5335447635896 1.61151296762221 0
48.4213719707598 44.8344425362533 1.61151296762221 0
48.4091136493441 45.135340308917 1.61151296762221 0
48.3968553279284 45.4362380815807 1.61151296762221 0
48.3845970065126 45.7371358542444 1.61151296762221 0
48.3723386850969 46.0380336269082 1.61151296762221 0
48.3600803636811 46.3389313995719 1.61151296762221 0
48.3478220422654 46.6398291722356 1.61151296762221 0
48.3355637208497 46.9407269448993 1.61151296762221 0
48.3233053994339 47.241624717563 1.61151296762221 0
48.3110470780182 47.5425224902267 1.61151296762221 0
48.2987887566025 47.8434202628904 1.61151296762221 0
48.2865304351867 48.1443180355541 1.61151296762221 0
48.274272113771 48.4452158082179 1.61151296762221 0
48.2620137923552 48.7461135808816 1.61151296762221 0
48.2497554709395 49.0470113535453 1.61151296762221 0
48.2374971495238 49.347909126209 1.61151296762221 0
48.225238828108 49.6488068988727 1.61151296762221 0
48.2129805066923 49.9497046715364 1.61151296762221 0
48.2007221852765 50.2506024442001 1.61151296762221 0
48.1884638638608 50.5515002168638 1.61151296762221 0
48.1762055424451 50.8523979895276 1.61151296762221 0
48.1639472210293 51.1532957621913 1.61151296762221 0
48.1516888996136 51.454193534855 1.61151296762221 0
48.1393644582149 51.7550885240447 1.61558047840247 0
48.120260117523 52.0551689860181 1.65316868829182 0
48.0940067129418 52.3547262413399 1.65860708126234 0
48.0676354411846 52.654273335263 1.65860708126234 0
48.0412641694275 52.9538204291861 1.65860708126234 0
48.0148928976703 53.2533675231093 1.65860708126234 0
47.9885216259132 53.5529146170324 1.65860708126234 0
47.962150354156 53.8524617109555 1.65860708126234 0
47.9357790823989 54.1520088048786 1.65860708126234 0
47.9094078106417 54.4515558988017 1.65860708126234 0
47.8830365388845 54.7511029927248 1.65860708126234 0
47.8566652671274 55.050650086648 1.65860708126234 0
47.8302939953702 55.3501971805711 1.65860708126234 0
47.8039227236131 55.6497442744942 1.65860708126234 0
47.7775514518559 55.9492913684173 1.65860708126234 0
47.7511801800988 56.2488384623404 1.65860708126234 0
47.7248089083416 56.5483855562635 1.65860708126234 0
47.6984376365845 56.8479326501867 1.65860708126234 0
47.6720663648273 57.1474797441098 1.65860708126234 0
47.6456950930702 57.4470268380329 1.65860708126234 0
47.619323821313 57.746573931956 1.65860708126234 0
47.5929525495559 58.0461210258791 1.65860708126234 0
47.5665812777987 58.3456681198022 1.65860708126234 0
47.5402100060416 58.6452152137254 1.65860708126234 0
47.5138387342844 58.9447623076485 1.65860708126234 0
47.4874674625273 59.2443094015716 1.65860708126234 0
47.4610961907701 59.5438564954947 1.65860708126234 0
47.434724919013 59.8434035894178 1.65860708126234 0
47.4083536472558 60.1429506833409 1.65860708126234 0
47.3819823754986 60.4424977772641 1.65860708126234 0
47.3556111037415 60.7420448711872 1.65860708126234 0
47.3292398319843 61.0415919651103 1.65860708126234 0
47.3028685602272 61.3411390590334 1.65860708126234 0
47.27649728847 61.6406861529565 1.65860708126234 0
47.2501260167129 61.9402332468796 1.65860708126234 0
47.2237547449557 62.2397803408027 1.65860708126234 0
47.1973834731986 62.5393274347259 1.65860708126234 0
47.1710122014414 62.838874528649 1.65860708126234 0
47.1446409296843 63.1384216225721 1.65860708126234 0
47.1182696579271 63.4379687164952 1.65860708126234 0
47.09189838617 63.7375158104183 1.65860708126234 0
47.0655271144128 64.0370629043414 1.65860708126234 0
47.0391558426557 64.3366099982646 1.65860708126234 0
47.0127845708985 64.6361570921877 1.65860708126234 0
46.9864132991414 64.9357041861108 1.65860708126234 0
46.9600420273842 65.2352512800339 1.65860708126234 0
46.933670755627 65.534798373957 1.65860708126234 0
46.9049240534534 65.8341168370258 1.68303271970625 0
46.8656374024163 66.1322272503658 1.72062092959559 0
46.8151757033171 66.4286507251708 1.75820913948494 0
46.7536102437604 66.7229685018697 1.79579734937429 0
46.681027997713 67.0147647956264 1.83338555926363 0
46.597531502635 67.3036273837218 1.87097376915298 0
46.5032387146244 67.5891481879036 1.90856197904232 0
46.3982828417798 67.8709238508819 1.94615018893167 0
46.2828121560164 68.1485563061547 1.98373839882101 0
46.1569897836009 68.421653340359 2.02132660871036 0
46.0244755904263 68.6956075650111 2.02132660871036 0
45.8919613972516 68.9695617896632 2.02132660871036 0
45.7594472040769 69.2435160143154 2.02132660871036 0
45.6269330109023 69.5174702389675 2.02132660871036 0
45.4944188177276 69.7914244636196 2.02132660871036 0
45.361904624553 70.0653786882718 2.02132660871036 0
45.2293904313783 70.3393329129239 2.02132660871036 0
45.0968762382037 70.613287137576 2.02132660871036 0
44.964362045029 70.8872413622282 2.02132660871036 0
44.8318478518544 71.1611955868803 2.02132660871036 0
44.6993336586797 71.4351498115324 2.02132660871036 0
44.5662350807563 71.7088182921943 2.03407912527179 0
44.425093520196 71.9784083909204 2.07211917994231 0
44.2738013174933 72.2424357206609 2.11015923461282 0
44.11257737299 72.5005182678571 2.14819928928333 0
43.9416549569797 72.7522826202856 2.18623934395384 0
43.7612813721962 72.9973645073374 2.22427939862436 0
43.5717175959976 73.2354093270706 2.26231945329487 0
43.3732379027659 73.466072659274 2.30035950796538 0
43.1661294670676 73.6890207637985 2.3383995626359 0
42.9506919481485 73.9039310634365 2.37643961730641 0
42.7272370563658 74.1104926106493 2.41447967197692 0
42.4960881021832 74.308406537468 2.45251972664744 0
42.2575795283822 74.4973864879175 2.49055978131795 0
42.0120564261665 74.6771590323365 2.52859983598846 0
41.7598740358594 74.8474640629948 2.56663989065897 0
41.501397232917 75.008055170436 2.60467994532949 0
41.237 75.1587 2.64272 0
