40.8582 54.0846 2.62312 0
41.1120492196843 53.9334900671155 2.58619026149296 0
41.3601461765966 53.7731107102096 2.54926052298592 0
41.6021525531736 53.6036806306879 2.51233078447889 0
41.8377383372757 53.4254308719793 2.47540104597185 0
42.066582272208 53.2386045044735 2.43847130746481 0
42.2883722948021 53.043456294058 2.40154156895777 0
42.5028059609616 52.8402523547062 2.36461183045074 0
42.7095908580898 52.6292697855911 2.3276820919437 0
42.9084450038384 52.410796293219 2.29075235343666 0
43.099097230633 52.1851297990978 2.25382261492962 0
43.2850820350957 51.9555797990243 2.25167222917226 0
43.4710524756232 51.7260181455046 2.25167222917226 0
43.6570229161507 51.4964564919849 2.25167222917226 0
43.8429933566782 51.2668948384652 2.25167222917226 0
44.0289637972057 51.0373331849455 2.25167222917226 0
44.2149342377331 50.8077715314258 2.25167222917226 0
44.4009046782606 50.5782098779061 2.25167222917226 0
44.5868751187881 50.3486482243864 2.25167222917226 0
44.7728455593156 50.1190865708667 2.25167222917226 0
44.9547373054285 49.8863011259098 2.21561987330359 0
45.1279127434405 49.6469605613996 2.17869013479656 0
45.2921333305234 49.4013893152635 2.14176039628952 0
45.4471751271755 49.1499222608775 2.10483065778248 0
45.5936469471172 48.8953720647931 2.08990959204243 0
45.7393477479335 48.6403762186121 2.08990959204243 0
45.8850485487498 48.3853803724311 2.08990959204243 0
46.0307493495661 48.1303845262501 2.08990959204243 0
46.1764501503823 47.8753886800691 2.08990959204243 0
46.3221509511986 47.6203928338881 2.08990959204243 0
46.467487576931 47.3651905476181 2.07967949937744 0
46.6058328980947 47.1061490628409 2.04296871993868 0
46.7345775280558 46.8422044872581 2.00625794049992 0
46.8535479795656 46.5737124940982 1.96954716106117 0
46.962583936374 46.3010348843714 1.93283638162241 0
47.0615384692603 46.0245390993318 1.89612560218365 0
47.1502782340247 45.744597725339 1.85941482274489 0
47.2286836511739 45.4615879917871 1.82270404330614 0
47.2966490670575 45.1758912627768 1.78599326386738 0
47.3553242093356 44.8809945658119 1.74840638977685 0
47.407680246875 44.58489270989 1.74570825500871 0
47.4600076135769 44.2887857607257 1.74570825500871 0
47.5123349802789 43.9926788115613 1.74570825500871 0
47.5646623469809 43.6965718623969 1.74570825500871 0
47.6169897136829 43.4004649132325 1.74570825500871 0
47.6693170803849 43.1043579640681 1.74570825500871 0
47.7216444470869 42.8082510149038 1.74570825500871 0
47.7739718137889 42.5121440657394 1.74570825500871 0
47.8262991804909 42.216037116575 1.74570825500871 0
47.8786265471929 41.9199301674106 1.74570825500871 0
47.9309539138949 41.6238232182462 1.74570825500871 0
47.9832812805968 41.3277162690819 1.74570825500871 0
48.0356086472988 41.0316093199175 1.74570825500871 0
48.0879360140008 40.7355023707531 1.74570825500871 0
48.1402633807028 40.4393954215887 1.74570825500871 0
48.1925907474048 40.1432884724243 1.74570825500871 0
48.2449181141068 39.8471815232599 1.74570825500871 0
48.2917567556792 39.5501748233388 1.7084181831015 0
48.3274017389794 39.2516178449113 1.67083130901097 0
48.3518023646783 38.9519322702373 1.63324443492045 0
48.3649241642867 38.6515414371927 1.59565756082992 0
48.3667486018614 38.3508696799063 1.5580706867394 0
48.3572731001894 38.0503417293422 1.52048381264888 0
48.3365110444287 37.7503821133223 1.48289693855835 0
48.3044917632001 37.4514145568353 1.44531006446783 0
48.2612604871576 37.1538613834798 1.4077231903773 0
48.206878285095 36.8581429188872 1.37013631628678 0
48.1414219776798 36.5646768969669 1.33254944219626 0
48.0649840289361 36.2738778698123 1.29496256810573 0
47.9776724156287 35.9861566221022 1.25737569401521 0
47.879610474735 35.7019195908231 1.21978881992468 0
47.7709367292179 35.4215682911338 1.18220194583416 0
47.6518046923478 35.1454987491822 1.14461507174364 0
47.5223826508481 34.8741009426763 1.10702819765311 0
47.3828534271727 34.6077582499987 1.06944132356259 0
47.2334141212496 34.3468469086442 1.03185444947206 0
47.0742758320561 34.0917354837437 0.99426757538154 0
46.9056633594194 33.8427843474268 0.956680701291016 0
46.727814886462 33.6003451697575 0.919093827200492 0
46.5409816431436 33.3647604219632 0.881506953109968 0
46.3454275513712 33.1363628926568 0.843920079019443 0
46.1414288521816 32.9154752177378 0.80633320492892 0
45.9292737155212 32.7024094246344 0.768746330838395 0
45.7076401654494 32.4960122413934 0.730887179037311 0
45.4783532760285 32.2981518105162 0.693028027236227 0
45.2417416484305 32.1091116945284 0.655168875435143 0
44.9981443812334 31.9291628151727 0.617309723634059 0
44.9981120575209 31.9256715813007 0.579450571832974 0
45.2546237627924 32.0866777079728 0.54159142003189 0
45.5170457582874 32.2378594662892 0.503732268230806 0
45.7850019554493 32.3790001909925 0.465873116429722 0
46.0581083344126 32.5098976070739 0.428013964628638 0
46.3359734943588 32.6303641196628 0.390154812827553 0
46.6181992144499 32.7402270828775 0.352295661026469 0
46.9043810245367 32.839329047251 0.314436509225385 0
47.1941087848224 32.9275279853796 0.276577357424301 0
47.4869672736527 33.0046974954681 0.238718205623216 0
47.7825367825874 33.0707269824819 0.200859053822132 0
48.080393717904 33.1255218166458 0.162999902021048 0
48.380111207668 33.1690034690618 0.125140750219964 0
48.6812597135021 33.2011096242527 0.0872815984188796 0
48.9834076461766 33.2217942694689 0.0494224466177954 0
49.2861219841393 33.2310277606314 0.0115632948167111 0
49.5889688940973 33.2287968648161 -0.0262958569843731 0
49.891514352763 33.2151047792183 -0.0641550087854573 0
50.1933247688719 33.189971126571 -0.102014160586541 0
50.4939676045816 33.153431927022 -0.139873312387626 0
50.7930119953606 33.1055395465129 -0.17773246418871 0
51.0900293674796 33.0463626217302 -0.215591615989794 0
51.3845940522193 32.9759859617394 -0.253450767790878 0
51.6762838959149 32.8945104264415 -0.291309919591963 0
51.9646808649634 32.8020527820261 -0.329169071393047 0
52.249371644926 32.6987455336284 -0.367028223194131 0
52.5299482328673 32.5847367354307 -0.404887374995215 0
52.806008522082 32.460189778479 -0.4427465267963 0
53.0771568783723 32.3252831565203 -0.480605678597384 0
53.3430047070484 32.1802102101952 -0.518464830398468 0
53.6031710098408 32.025178849953 -0.556323982199552 0
53.8611474777879 31.8665191898334 -0.534065016686385 0
54.1246998847907 31.7173167886119 -0.4962058648853 0
54.3937107645584 31.5781967888497 -0.458346713084216 0
54.6677945857133 31.4493585695653 -0.420487561283132 0
54.9465585466211 31.3309867745033 -0.382628409482048 0
55.2296031383327 31.2232510475134 -0.344769257680963 0
55.5165227171377 31.126305789426 -0.306910105879879 0
55.8069060859104 31.0402899367741 -0.269050954078795 0
56.1003370834148 30.9653267626764 -0.231191802277711 0
56.3963951807235 30.9015237001701 -0.193332650476626 0
56.6946560838963 30.8489721882429 -0.155473498675542 0
56.9946923420543 30.8077475407887 -0.117614346874458 0
57.2960739599795 30.7779088386711 -0.0797551950733737 0
57.5983690143588 30.7594988450525 -0.0418960432722897 0
57.9011442727933 30.7525439441082 -0.00403689147120545 0
58.2039658146824 30.757054103214 0.0338222603298788 0
58.5063996530945 30.7730228586617 0.071681412130963 0
58.8063274555857 30.7889064287832 0.0341356957455883 0
59.1066401015905 30.7935204461797 -0.00341002063978645 0
59.4069142958617 30.7868584073235 -0.0409557370251612 0
59.7067781959301 30.7696688250712 -0.064891609578142 0
60.006511740719 30.7501912857676 -0.064891609578142 0
60.3062452855079 30.7307137464639 -0.064891609578142 0
60.6059788302967 30.7112362071603 -0.064891609578142 0
60.9057123750856 30.6917586678566 -0.064891609578142 0
61.2054459198745 30.6722811285529 -0.064891609578142 0
61.5051794646633 30.6528035892493 -0.064891609578142 0
61.8049130094522 30.6333260499456 -0.064891609578142 0
62.1046465542411 30.6138485106419 -0.064891609578142 0
62.4043800990299 30.5943709713383 -0.064891609578142 0
62.7041136438188 30.5748934320346 -0.064891609578142 0
63.0038471886076 30.5554158927309 -0.064891609578142 0
63.3035807333965 30.5359383534273 -0.064891609578142 0
63.6033142781854 30.5164608141236 -0.064891609578142 0
63.9030478229742 30.49698327482 -0.064891609578142 0
64.2027813677631 30.4775057355163 -0.064891609578142 0
64.502514912552 30.4580281962126 -0.064891609578142 0
64.8022484573408 30.438550656909 -0.064891609578142 0
65.1019820021297 30.4190731176053 -0.064891609578142 0
65.4017155469186 30.3995955783016 -0.064891609578142 0
65.7014490917074 30.380118038998 -0.064891609578142 0
66.0011826364963 30.3606404996943 -0.064891609578142 0
66.3009161812851 30.3411629603906 -0.064891609578142 0
66.600649726074 30.321685421087 -0.064891609578142 0
66.9003832708629 30.3022078817833 -0.064891609578142 0
67.2001168156517 30.2827303424797 -0.064891609578142 0
67.4998503604406 30.263252803176 -0.064891609578142 0
67.7995839052295 30.2437752638723 -0.064891609578142 0
68.0993174500183 30.2242977245687 -0.064891609578142 0
68.3990509948072 30.204820185265 -0.064891609578142 0
68.6987845395961 30.1853426459613 -0.064891609578142 0
68.9985180843849 30.1658651066577 -0.064891609578142 0
69.298250746239 30.1463741074842 -0.0667279646088317 0
69.5975016728377 30.1207253758045 -0.104273680994206 0
69.8955789263001 30.0838617694256 -0.141819397379581 0
70.1920623621988 30.0358352481619 -0.179365113764956 0
70.4865340826163 29.9767135061266 -0.216910830150331 0
70.778579025179 29.9065798763152 -0.254456546535705 0
71.074761413747 29.8234328414319 -0.292912914015637 0
71.3675280735404 29.7289599901938 -0.331369281495568 0
71.656446087587 29.6233010205457 -0.3698256489755 0
71.9415211531726 29.5076443808593 -0.391553826368617 0
72.2258882074692 29.3902370590483 -0.391553826368617 0
72.5102552617657 29.2728297372374 -0.391553826368617 0
72.7946223160622 29.1554224154264 -0.391553826368617 0
73.0789893703587 29.0380150936155 -0.391553826368617 0
73.3633564246552 28.9206077718045 -0.391553826368617 0
73.6477234789517 28.8032004499936 -0.391553826368617 0
73.9320905332483 28.6857931281826 -0.391553826368617 0
74.2164575875448 28.5683858063717 -0.391553826368617 0
74.5008246418413 28.4509784845607 -0.391553826368617 0
74.7851916961378 28.3335711627498 -0.391553826368617 0
75.0695587504343 28.2161638409389 -0.391553826368617 0
75.3539258047309 28.0987565191279 -0.391553826368617 0
75.6382682095282 27.981289720473 -0.395565759309726 0
75.9198128096109 27.8573136144204 -0.434022126789658 0
76.1963827526583 27.7226046566244 -0.472478494269589 0
76.467569071944 27.577362042561 -0.510934861749521 0
76.7329707615599 27.4218005439287 -0.549391229229452 0
76.9921953693871 27.256150191063 -0.587847596709384 0
77.2409923668956 27.0834519831085 -0.625707448062923 0
77.4830743102096 26.9014603631879 -0.663567299416462 0
77.7180942481799 26.7104361611704 -0.701427150770001 0
77.9457153509035 26.5106531523963 -0.73928700212354 0
78.1656113924669 26.3023976653023 -0.777146853477079 0
78.3774672184919 26.0859681710572 -0.815006704830618 0
78.5810424334444 25.861730428387 -0.848278944725967 0
78.7813286684154 25.6345278796999 -0.848278944725967 0
78.9816149033864 25.4073253310128 -0.848278944725967 0
79.1819011383574 25.1801227823257 -0.848278944725967 0
79.3821873733284 24.9529202336386 -0.848278944725967 0
79.5824736082994 24.7257176849515 -0.848278944725967 0
79.7827598432704 24.4985151362643 -0.848278944725967 0
79.9830460782414 24.2713125875772 -0.848278944725967 0
80.1833323132124 24.0441100388901 -0.848278944725967 0
80.3836185481833 23.816907490203 -0.848278944725967 0
80.5839047831544 23.5897049415159 -0.848278944725967 0
80.7841910181253 23.3625023928288 -0.848278944725967 0
80.9844772530963 23.1352998441417 -0.848278944725967 0
81.1847634880673 22.9080972954546 -0.848278944725967 0
81.3850497230383 22.6808947467675 -0.848278944725967 0
81.5853359580093 22.4536921980804 -0.848278944725967 0
81.7856221929803 22.2264896493933 -0.848278944725967 0
81.9859084279513 21.9992871007062 -0.848278944725967 0
82.1861946629223 21.7720845520191 -0.848278944725967 0
82.3864808978933 21.544882003332 -0.848278944725967 0
82.5867671328643 21.3176794546449 -0.848278944725967 0
82.7870533678353 21.0904769059578 -0.848278944725967 0
82.9873396028063 20.8632743572707 -0.848278944725967 0
83.1876258377773 20.6360718085836 -0.848278944725967 0
83.3879120727483 20.4088692598965 -0.848278944725967 0
83.5881983077193 20.1816667112094 -0.848278944725967 0
83.7884845426903 19.9544641625223 -0.848278944725967 0
83.9887707776613 19.7272616138352 -0.848278944725967 0
84.1890570126323 19.5000590651481 -0.848278944725967 0
84.3893432476033 19.272856516461 -0.848278944725967 0
84.5896294825743 19.0456539677738 -0.848278944725967 0
84.7899157175452 18.8184514190867 -0.848278944725967 0
84.9902019525162 18.5912488703996 -0.848278944725967 0
85.1904881874872 18.3640463217125 -0.848278944725967 0
85.3907744224582 18.1368437730254 -0.848278944725967 0
85.5910606574292 17.9096412243383 -0.848278944725967 0
85.7913468924002 17.6824386756512 -0.848278944725967 0
85.9916331273712 17.4552361269641 -0.848278944725967 0
86.1919193623422 17.228033578277 -0.848278944725967 0
86.3922055973132 17.0008310295899 -0.848278944725967 0
86.5924918322842 16.7736284809028 -0.848278944725967 0
86.7927780672552 16.5464259322157 -0.848278944725967 0
86.9930643022262 16.3192233835286 -0.848278944725967 0
87.1933505371972 16.0920208348415 -0.848278944725967 0
87.3936367721682 15.8648182861544 -0.848278944725967 0
87.5939230071392 15.6376157374673 -0.848278944725967 0
87.7942092421102 15.4104131887802 -0.848278944725967 0
87.9944954770812 15.1832106400931 -0.848278944725967 0
88.1947817120522 14.956008091406 -0.848278944725967 0
88.3950679470232 14.7288055427189 -0.848278944725967 0
88.5953541819941 14.5016029940318 -0.848278944725967 0
88.7956404169651 14.2744004453447 -0.848278944725967 0
88.9959266519361 14.0471978966576 -0.848278944725967 0
89.1962128869071 13.8199953479705 -0.848278944725967 0
89.3964991218781 13.5927927992833 -0.848278944725967 0
89.5967853568491 13.3655902505962 -0.848278944725967 0
89.7970715918201 13.1383877019091 -0.848278944725967 0
89.9973578267911 12.911185153222 -0.848278944725967 0
90.1976440617621 12.6839826045349 -0.848278944725967 0
90.3979302967331 12.4567800558478 -0.848278944725967 0
90.5982165317041 12.2295775071607 -0.848278944725967 0
90.7985027666751 12.0023749584736 -0.848278944725967 0
90.9987890016461 11.7751724097865 -0.848278944725967 0
91.1990752366171 11.5479698610994 -0.848278944725967 0
91.3993614715881 11.3207673124123 -0.848278944725967 0
91.5996477065591 11.0935647637252 -0.848278944725967 0
91.7999339415301 10.8663622150381 -0.848278944725967 0
92.0002201765011 10.639159666351 -0.848278944725967 0
92.200506411472 10.4119571176639 -0.848278944725967 0
92.4007926464431 10.1847545689768 -0.848278944725967 0
92.601078881414 9.95755202028968 -0.848278944725967 0
92.801365116385 9.73034947160258 -0.848278944725967 0
93.001651351356 9.50314692291547 -0.848278944725967 0
93.201937586327 9.27594437422836 -0.848278944725967 0
93.402223821298 9.04874182554126 -0.848278944725967 0
93.602510056269 8.82153927685416 -0.848278944725967 0
93.8028 8.59434 -0.847167 0
