93.8028 8.59434 -0.847167 0
93.6045849692165 8.82050282579345 -0.851397133791243 0
93.4064237115385 9.04671289129551 -0.851397133791243 0
93.2082624538605 9.27292295679757 -0.851397133791243 0
93.0101011961825 9.49913302229964 -0.851397133791243 0
92.8119399385046 9.7253430878017 -0.851397133791243 0
92.6137786808266 9.95155315330376 -0.851397133791243 0
92.4156174231486 10.1777632188058 -0.851397133791243 0
92.2174561654706 10.4039732843079 -0.851397133791243 0
92.0192949077926 10.63018334981 -0.851397133791243 0
91.8211336501146 10.856393415312 -0.851397133791243 0
91.6229723924366 11.0826034808141 -0.851397133791243 0
91.4248111347586 11.3088135463161 -0.851397133791243 0
91.2266498770806 11.5350236118182 -0.851397133791243 0
91.0284886194027 11.7612336773203 -0.851397133791243 0
90.8303273617247 11.9874437428223 -0.851397133791243 0
90.6321661040467 12.2136538083244 -0.851397133791243 0
90.4340048463687 12.4398638738265 -0.851397133791243 0
90.2358435886907 12.6660739393285 -0.851397133791243 0
90.0376823310127 12.8922840048306 -0.851397133791243 0
89.8395210733347 13.1184940703326 -0.851397133791243 0
89.6413598156567 13.3447041358347 -0.851397133791243 0
89.4431985579787 13.5709142013368 -0.851397133791243 0
89.2450373003007 13.7971242668388 -0.851397133791243 0
89.0468760426228 14.0233343323409 -0.851397133791243 0
88.8487147849448 14.249544397843 -0.851397133791243 0
88.6505535272668 14.475754463345 -0.851397133791243 0
88.4523922695888 14.7019645288471 -0.851397133791243 0
88.2542310119108 14.9281745943491 -0.851397133791243 0
88.0560697542328 15.1543846598512 -0.851397133791243 0
87.8579084965548 15.3805947253533 -0.851397133791243 0
87.6597472388768 15.6068047908553 -0.851397133791243 0
87.4615859811988 15.8330148563574 -0.851397133791243 0
87.2634247235208 16.0592249218595 -0.851397133791243 0
87.0652634658429 16.2854349873615 -0.851397133791243 0
86.8671022081649 16.5116450528636 -0.851397133791243 0
86.6689409504869 16.7378551183657 -0.851397133791243 0
86.4707796928089 16.9640651838677 -0.851397133791243 0
86.2726184351309 17.1902752493698 -0.851397133791243 0
86.0744571774529 17.4164853148718 -0.851397133791243 0
85.8762959197749 17.6426953803739 -0.851397133791243 0
85.6781346620969 17.868905445876 -0.851397133791243 0
85.4799734044189 18.095115511378 -0.851397133791243 0
85.2818121467409 18.3213255768801 -0.851397133791243 0
85.083650889063 18.5475356423822 -0.851397133791243 0
84.885489631385 18.7737457078842 -0.851397133791243 0
84.687328373707 18.9999557733863 -0.851397133791243 0
84.489167116029 19.2261658388883 -0.851397133791243 0
84.291005858351 19.4523759043904 -0.851397133791243 0
84.092844600673 19.6785859698925 -0.851397133791243 0
83.894683342995 19.9047960353945 -0.851397133791243 0
83.696522085317 20.1310061008966 -0.851397133791243 0
83.498360827639 20.3572161663987 -0.851397133791243 0
83.3001995699611 20.5834262319007 -0.851397133791243 0
83.1020383122831 20.8096362974028 -0.851397133791243 0
82.9038770546051 21.0358463629048 -0.851397133791243 0
82.7057157969271 21.2620564284069 -0.851397133791243 0
82.5075545392491 21.488266493909 -0.851397133791243 0
82.3093932815711 21.714476559411 -0.851397133791243 0
82.1112320238931 21.9406866249131 -0.851397133791243 0
81.9130707662151 22.1668966904152 -0.851397133791243 0
81.7149095085371 22.3931067559172 -0.851397133791243 0
81.5167482508591 22.6193168214193 -0.851397133791243 0
81.3185869931812 22.8455268869214 -0.851397133791243 0
81.1204257355032 23.0717369524234 -0.851397133791243 0
80.9222644778252 23.2979470179255 -0.851397133791243 0
80.7241032201472 23.5241570834275 -0.851397133791243 0
80.5259419624692 23.7503671489296 -0.851397133791243 0
80.3277807047912 23.9765772144317 -0.851397133791243 0
80.1296194471132 24.2027872799337 -0.851397133791243 0
79.9314581894352 24.4289973454358 -0.851397133791243 0
79.7332969317572 24.6552074109379 -0.851397133791243 0
79.5351356740792 24.8814174764399 -0.851397133791243 0
79.3369744164013 25.107627541942 -0.851397133791243 0
79.1386988404074 25.3337370477147 -0.845227591035262 0
78.9349645351904 25.5549169771174 -0.807636269359955 0
78.723061674445 25.7682838112335 -0.770044947684648 0
78.5032896644254 25.9735360753008 -0.732453626009341 0
78.2759590300298 26.1703837599663 -0.694862304334034 0
78.0413909760475 26.3585487310522 -0.657270982658727 0
77.799916933315 26.5377651225437 -0.61967966098342 0
77.5518780904238 26.7077797122413 -0.582088339308113 0
77.2976249116413 26.8683522795491 -0.544497017632805 0
77.0375166417252 27.0192559448926 -0.506905695957499 0
76.771920798332 27.1602774902859 -0.469314374282191 0
76.5012126527362 27.2912176605961 -0.431723052606884 0
76.2236971147732 27.4242160805743 -0.452540114824041 0
75.9469286639892 27.5587786185375 -0.452540114824041 0
75.6701602132053 27.6933411565007 -0.452540114824041 0
75.3933917624213 27.8279036944639 -0.452540114824041 0
75.1166233116373 27.962466232427 -0.452540114824041 0
74.8398548608533 28.0970287703902 -0.452540114824041 0
74.5630864100693 28.2315913083534 -0.452540114824041 0
74.2863179592853 28.3661538463166 -0.452540114824041 0
74.0095495085013 28.5007163842797 -0.452540114824041 0
73.7327810577174 28.6352789222429 -0.452540114824041 0
73.4560126069334 28.7698414602061 -0.452540114824041 0
73.1792441561494 28.9044039981693 -0.452540114824041 0
72.9024757053654 29.0389665361324 -0.452540114824041 0
72.6257072545814 29.1735290740956 -0.452540114824042 0
72.3514688368765 29.3005143732505 -0.414761392435301 0
72.0726298955087 29.4170511516667 -0.376982670046559 0
71.78958835097 29.5229731041218 -0.339203947657818 0
71.5027481211281 29.6181290734091 -0.301425225269077 0
71.2125185448108 29.7023832660491 -0.263646502880336 0
70.9193137976537 29.7756154460747 -0.225867780491595 0
70.6235523010461 29.8377211066154 -0.188089058102853 0
70.3256561250177 29.8886116190355 -0.150310335714112 0
70.0260503859181 29.9282143594121 -0.112531613325371 0
69.7251626397498 29.9564728121744 -0.0747528909366299 0
69.4235598603956 29.9759001346667 -0.0622587164381008 0
69.1219156357503 29.9947044192567 -0.0622587164381008 0
68.8202714111049 30.0135087038466 -0.0622587164381008 0
68.5186271864596 30.0323129884366 -0.0622587164381008 0
68.2169829618142 30.0511172730266 -0.0622587164381008 0
67.9153387371689 30.0699215576166 -0.0622587164381008 0
67.6136945125235 30.0887258422066 -0.0622587164381008 0
67.3120502878782 30.1075301267966 -0.0622587164381008 0
67.0104060632328 30.1263344113866 -0.0622587164381008 0
66.7087618385875 30.1451386959766 -0.0622587164381008 0
66.4071176139421 30.1639429805666 -0.0622587164381008 0
66.1054733892968 30.1827472651565 -0.0622587164381008 0
65.8038291646514 30.2015515497465 -0.0622587164381008 0
65.5021849400061 30.2203558343365 -0.0622587164381008 0
65.2005407153607 30.2391601189265 -0.0622587164381008 0
64.8988964907154 30.2579644035165 -0.0622587164381008 0
64.59725226607 30.2767686881065 -0.0622587164381008 0
64.2956080414246 30.2955729726965 -0.0622587164381008 0
63.9939638167793 30.3143772572865 -0.0622587164381008 0
63.6923195921339 30.3331815418764 -0.0622587164381008 0
63.3906753674886 30.3519858264664 -0.0622587164381008 0
63.0890311428432 30.3707901110564 -0.0622587164381008 0
62.7873869181979 30.3895943956464 -0.0622587164381008 0
62.4857426935525 30.4083986802364 -0.0622587164381008 0
62.1840984689072 30.4272029648264 -0.0622587164381008 0
61.8824542442618 30.4460072494164 -0.0622587164381008 0
61.5808100196165 30.4648115340064 -0.0622587164381008 0
61.2791657949711 30.4836158185964 -0.0622587164381008 0
60.9775215703258 30.5024201031863 -0.0622587164381008 0
60.6758773456804 30.5212243877763 -0.0622587164381008 0
60.3742331210351 30.5400286723663 -0.0622587164381008 0
60.0725888963897 30.5588329569563 -0.0622587164381008 0
59.7709446717444 30.5776372415463 -0.0622587164381008 0
59.469300447099 30.5964415261363 -0.0622587164381008 0
59.1676562224537 30.6152458107263 -0.0622587164381008 0
58.8660119978083 30.6340500953163 -0.0622587164381008 0
58.564367773163 30.6528543799063 -0.0622587164381008 0
58.2627235485176 30.6716586644962 -0.0622587164381008 0
57.9610793238723 30.6904629490862 -0.0622587164381008 0
57.6594350992269 30.7092672336762 -0.0622587164381008 0
57.357839863965 30.7288040789935 -0.0758067855372904 0
57.0569820663191 30.7573796199749 -0.113585507926032 0
56.7574182307111 30.7972980911706 -0.151364230314773 0
56.4595758533447 30.8485025264421 -0.189142952703514 0
56.1638799737956 30.9109198538793 -0.226921675092255 0
55.8707525684536 30.9844610000783 -0.264700397480996 0
55.5806119483367 31.0690210172548 -0.302479119869738 0
55.2938721621343 31.1644792330111 -0.340257842258479 0
55.010942405335 31.2706994225431 -0.37803656464722 0
54.7401696797272 31.3840277124569 -0.414730151940528 0
54.4737367088843 31.5072131104375 -0.451423739233837 0
54.2120021830649 31.6400897758905 -0.488117326527145 0
53.9552793779362 31.7824108438326 -0.520383305012305 0
53.7005881143553 31.9283669966885 -0.520383305012305 0
53.4458968507745 32.0743231495444 -0.520383305012305 0
53.1901141651456 32.2183395909584 -0.496794529140215 0
52.9295424760436 32.3534823490565 -0.460100941846907 0
52.6641884267628 32.4789749733741 -0.423407354553598 0
52.3944092550441 32.5946485171712 -0.38671376726029 0
52.1205681560302 32.7003472528243 -0.350020179966982 0
51.8430337933077 32.7959288814779 -0.313326592673673 0
51.5621798025873 32.8812647246168 -0.276633005380365 0
51.2783842886892 32.9562398973017 -0.239939418087057 0
50.9920293165131 33.0207534628356 -0.203245830793748 0
50.7035003966764 33.0747185686511 -0.16655224350044 0
50.4131859665131 33.118062563238 -0.129858656207132 0
50.121476867133 33.1507270939508 -0.0931650689138234 0
49.8287658172451 33.1726681855679 -0.056471481620515 0
49.5247838933629 33.1840601083087 -0.0184447768937224 0
49.2205886336425 33.1838871503274 0.0195819278330702 0
48.9166198606345 33.1721495616963 0.0576086325598628 0
48.6133170694226 33.1488643132788 0.0956353372866554 0
48.3111187921763 33.1140650721917 0.133662042013448 0
48.0104619640974 33.0678021531275 0.171688746740241 0
47.7117812916737 33.0101424456068 0.209715451467033 0
47.4155086241567 32.9411693172655 0.247742156193826 0
47.1220723291694 32.860982493317 0.285768860920618 0
46.8318966733484 32.7696979123644 0.323795565647411 0
46.5454012089156 32.6674475587694 0.361822270374204 0
46.263000167066 32.5543792718226 0.399848975100996 0
45.985101859049 32.4306565319883 0.437875679827789 0
45.712108085809 32.2964582245362 0.475902384554581 0
45.4444135570394 32.1519783808982 0.513929089281374 0
45.1824053204889 31.9974258981277 0.551955794008167 0
45.0923067757493 31.9425764758751 0.589982498734959 0
45.341814718583 32.116589614499 0.628009203461752 0
45.5845267335442 32.2999626325369 0.666035908188544 0
45.8200918940022 32.492430399005 0.704062612915337 0
46.0448494172443 32.6906719780152 0.741526381576012 0
46.2620240920604 32.8971927482079 0.778990150236687 0
46.471311142068 33.1117028845686 0.816453918897362 0
46.6724168601394 33.333901350048 0.853917687558037 0
46.865059020581 33.5634763180275 0.891381456218712 0
47.0489672752006 33.8001056099277 0.928845224879387 0
47.2238835327056 34.043457147344 0.966308993540062 0
47.3895623209008 34.2931894180753 1.00377276220074 0
47.5457711311765 34.5489519553919 1.04123653086141 0
47.6922907448041 34.8103858298704 1.07870029952209 0
47.8289155405813 35.0771241531036 1.11616406818276 0
47.9554537833941 35.3487925925813 1.15362783684344 0
48.0717278932926 35.625009897017 1.19109160550411 0
48.1775746947013 35.9053884313843 1.22855537416479 0
48.2728456454145 36.1895347209125 1.26601914282546 0
48.357407045056 36.4770500032769 1.30348291148614 0
48.4311402227104 36.7675307882101 1.34094668014681 0
48.4939417034621 37.0605694237478 1.37841044880749 0
48.545723353609 37.3557546683155 1.41587421746816 0
48.5864125043465 37.6526722678522 1.45333798612884 0
48.6159520537488 37.9509055371625 1.49080175478951 0
48.6343005469041 38.2500359446796 1.52826552345019 0
48.6414322340909 38.5496436998201 1.56572929211086 0
48.6373371069148 38.8493083421051 1.60319306077154 0
48.6266945263497 39.1488294317229 1.60645541903469 0
48.6160093993098 39.448349049853 1.60645541903469 0
48.6053242722699 39.7478686679832 1.60645541903469 0
48.59463914523 40.0473882861133 1.60645541903469 0
48.5839540181901 40.3469079042434 1.60645541903469 0
48.5732688911502 40.6464275223735 1.60645541903469 0
48.5625837641103 40.9459471405037 1.60645541903469 0
48.5518986370704 41.2454667586338 1.60645541903469 0
48.5412135100305 41.5449863767639 1.60645541903469 0
48.5305283829906 41.8445059948941 1.60645541903469 0
48.5198432559507 42.1440256130242 1.60645541903469 0
48.5091581289109 42.4435452311543 1.60645541903469 0
48.498473001871 42.7430648492845 1.60645541903469 0
48.4877878748311 43.0425844674146 1.60645541903469 0
48.4771027477912 43.3421040855447 1.60645541903469 0
48.4664176207513 43.6416237036748 1.60645541903469 0
48.4557324937114 43.941143321805 1.60645541903469 0
48.4450473666715 44.2406629399351 1.60645541903469 0
48.4343622396316 44.5401825580652 1.60645541903469 0
48.4236771125917 44.8397021761954 1.60645541903469 0
48.4129919855518 45.1392217943255 1.60645541903469 0
48.4023068585119 45.4387414124556 1.60645541903469 0
48.391621731472 45.7382610305857 1.60645541903469 0
48.3809366044321 46.0377806487159 1.60645541903469 0
48.3702514773923 46.337300266846 1.60645541903469 0
48.3595663503524 46.6368198849761 1.60645541903469 0
48.3488812233125 46.9363395031063 1.60645541903469 0
48.3381960962726 47.2358591212364 1.60645541903469 0
48.3275109692327 47.5353787393665 1.60645541903469 0
48.3168258421928 47.8348983574966 1.60645541903469 0
48.3061407151529 48.1344179756268 1.60645541903469 0
48.295455588113 48.4339375937569 1.60645541903469 0
48.2847704610731 48.733457211887 1.60645541903469 0
48.2740853340332 49.0329768300172 1.60645541903469 0
48.2634002069933 49.3324964481473 1.60645541903469 0
48.2527150799534 49.6320160662774 1.60645541903469 0
48.2420299529135 49.9315356844075 1.60645541903469 0
48.2313448258736 50.2310553025377 1.60645541903469 0
48.2206596988338 50.5305749206678 1.60645541903469 0
48.2099745717939 50.8300945387979 1.60645541903469 0
48.199289444754 51.1296141569281 1.60645541903469 0
48.1886043177141 51.4291337750582 1.60645541903469 0
48.1779191906742 51.7286533931883 1.60645541903469 0
48.1672340636343 52.0281730113184 1.60645541903469 0
48.1565489365944 52.3276926294486 1.60645541903469 0
48.1458638095545 52.6272122475787 1.60645541903469 0
48.1351786825146 52.9267318657088 1.60645541903469 0
48.1244935554747 53.226251483839 1.60645541903469 0
48.1138084284348 53.5257711019691 1.60645541903469 0
48.1031233013949 53.8252907200992 1.60645541903469 0
48.092438174355 54.1248103382293 1.60645541903469 0
48.0817530473152 54.4243299563595 1.60645541903469 0
48.0710679202753 54.7238495744896 1.60645541903469 0
48.0603827932354 55.0233691926197 1.60645541903469 0
48.0496976661955 55.3228888107499 1.60645541903469 0
48.0390125391556 55.62240842888 1.60645541903469 0
48.0283274121157 55.9219280470101 1.60645541903469 0
48.0176422850758 56.2214476651402 1.60645541903469 0
48.0069571580359 56.5209672832704 1.60645541903469 0
47.996272030996 56.8204869014005 1.60645541903469 0
47.9855869039561 57.1200065195306 1.60645541903469 0
47.9749017769162 57.4195261376608 1.60645541903469 0
47.9642166498763 57.7190457557909 1.60645541903469 0
47.9535315228364 58.018565373921 1.60645541903469 0
47.9428463957966 58.3180849920511 1.60645541903469 0
47.9321612687567 58.6176046101813 1.60645541903469 0
47.9214761417168 58.9171242283114 1.60645541903469 0
47.9107910146769 59.2166438464415 1.60645541903469 0
47.900105887637 59.5161634645717 1.60645541903469 0
47.8894207605971 59.8156830827018 1.60645541903469 0
47.8787356335572 60.1152027008319 1.60645541903469 0
47.8680505065173 60.414722318962 1.60645541903469 0
47.8573653794774 60.7142419370922 1.60645541903469 0
47.8466802524375 61.0137615552223 1.60645541903469 0
47.8359951253976 61.3132811733524 1.60645541903469 0
47.8253099983577 61.6128007914826 1.60645541903469 0
47.8146248713178 61.9123204096127 1.60645541903469 0
47.8039397442779 62.2118400277428 1.60645541903469 0
47.793254617238 62.5113596458729 1.60645541903469 0
47.7825694901982 62.8108792640031 1.60645541903469 0
47.7718843631583 63.1103988821332 1.60645541903469 0
47.7611992361184 63.4099185002633 1.60645541903469 0
47.7505141090785 63.7094381183935 1.60645541903469 0
47.7398289820386 64.0089577365236 1.60645541903469 0
47.7291438549987 64.3084773546537 1.60645541903469 0
47.7184587279588 64.6079969727838 1.60645541903469 0
47.7077736009189 64.907516590914 1.60645541903469 0
47.697088473879 65.2070362090441 1.60645541903469 0
47.6864033468391 65.5065558271742 1.60645541903469 0
47.6757182197992 65.8060754453043 1.60645541903469 0
47.6650330927593 66.1055950634345 1.60645541903469 0
47.6543479657195 66.4051146815646 1.60645541903469 0
47.6436628386796 66.7046342996947 1.60645541903469 0
47.6329777116397 67.0041539178249 1.60645541903469 0
47.6222925845998 67.303673535955 1.60645541903469 0
47.6116074575599 67.6031931540851 1.60645541903469 0
47.60092233052 67.9027127722153 1.60645541903469 0
47.5902372034801 68.2022323903454 1.60645541903469 0
47.5795520764402 68.5017520084755 1.60645541903469 0
47.5688669494003 68.8012716266057 1.60645541903469 0
47.5581818223604 69.1007912447358 1.60645541903469 0
47.5474966953205 69.4003108628659 1.60645541903469 0
47.5368115682806 69.699830480996 1.60645541903469 0
47.5261264412407 69.9993500991262 1.60645541903469 0
47.5154413142008 70.2988697172563 1.60645541903469 0
47.504756187161 70.5983893353864 1.60645541903469 0
47.4940710601211 70.8979089535165 1.60645541903469 0
47.4833859330812 71.1974285716467 1.60645541903469 0
47.4727008060413 71.4969481897768 1.60645541903469 0
47.4620156790014 71.7964678079069 1.60645541903469 0
47.4513305519615 72.0959874260371 1.60645541903469 0
47.4406454249216 72.3955070441672 1.60645541903469 0
47.4299602978817 72.6950266622973 1.60645541903469 0
47.4192751708418 72.9945462804274 1.60645541903469 0
47.4085900438019 73.2940658985576 1.60645541903469 0
47.397904916762 73.5935855166877 1.60645541903469 0
47.3872197897221 73.8931051348178 1.60645541903469 0
47.3765346626822 74.1926247529479 1.60645541903469 0
47.3658495356423 74.4921443710781 1.60645541903469 0
47.3551644086025 74.7916639892082 1.60645541903469 0
47.3444792815626 75.0911836073383 1.60645541903469 0
47.3337941545227 75.3907032254685 1.60645541903469 0
47.3231090274828 75.6902228435986 1.60645541903469 0
47.3124239004429 75.9897424617287 1.60645541903469 0
47.301738773403 76.2892620798588 1.60645541903469 0
47.2910536463631 76.588781697989 1.60645541903469 0
47.2803685193232 76.8883013161191 1.60645541903469 0
47.2696833922833 77.1878209342492 1.60645541903469 0
47.2589982652434 77.4873405523794 1.60645541903469 0
47.2483131382035 77.7868601705095 1.60645541903469 0
47.2376280111636 78.0863797886396 1.60645541903469 0
47.2269428841237 78.3858994067698 1.60645541903469 0
47.2162577570839 78.6854190248999 1.60645541903469 0
47.205572630044 78.98493864303 1.60645541903469 0
47.1948875030041 79.2844582611601 1.60645541903469 0
47.1842023759642 79.5839778792903 1.60645541903469 0
47.1735172489243 79.8834974974204 1.60645541903469 0
47.1628321218844 80.1830171155505 1.60645541903469 0
47.1521469948445 80.4825367336807 1.60645541903469 0
47.1414618678046 80.7820563518108 1.60645541903469 0
47.1307767407647 81.0815759699409 1.60645541903469 0
47.1200916137248 81.381095588071 1.60645541903469 0
47.1094064866849 81.6806152062012 1.60645541903469 0
47.098721359645 81.9801348243313 1.60645541903469 0
47.0880362326051 82.2796544424614 1.60645541903469 0
47.0773511055652 82.5791740605916 1.60645541903469 0
47.0666659785254 82.8786936787217 1.60645541903469 0
47.0559808514855 83.1782132968518 1.60645541903469 0
47.0452957244456 83.4777329149819 1.60645541903469 0
47.0346105974057 83.7772525331121 1.60645541903469 0
47.0239254703658 84.0767721512422 1.60645541903469 0
47.0132403433259 84.3762917693723 1.60645541903469 0
47.002555216286 84.6758113875024 1.60645541903469 0
46.9918700892461 84.9753310056326 1.60645541903469 0
46.9811849622062 85.2748506237627 1.60645541903469 0
46.9704998351663 85.5743702418928 1.60645541903469 0
46.9573112643472 85.8737796317002 1.6314849662042 0
46.9335345334863 86.172527577253 1.66894873486488 0
46.8985848804059 86.4701753382927 1.70641250352555 0
46.8525113523939 86.7663052049373 1.74387627218623 0
46.7953786076488 87.0605015974718 1.7813400408469 0
46.7272668245396 87.3523516495604 1.81880380950758 0
46.6482715890866 87.6414457876506 1.85626757816825 0
46.5585037608183 87.9273783057566 1.89373134682893 0
46.4580893171951 88.2097479348144 1.9311951154896 0
46.3471691768157 88.4881584058111 1.96865888415028 0
46.2224745167023 88.7695724154537 2.00713661575832 0
46.0870466516417 89.04598134521 2.04561434736635 0
45.9410860627034 89.3169760122437 2.08409207897439 0
45.7848088231085 89.5821552487395 2.12256981058243 0
45.6184462783645 89.8411264957733 2.16104754219046 0
45.4422447037924 90.0935063844376 2.1995252737985 0
45.2587220708459 90.3406352651595 2.21138445967326 0
45.0747470838272 90.5874297084767 2.21138445967326 0
44.8907720968085 90.834224151794 2.21138445967326 0
44.7067971097898 91.0810185951112 2.21138445967326 0
44.522822122771 91.3278130384285 2.21138445967326 0
44.3388471357523 91.5746074817457 2.21138445967326 0
44.1548721487336 91.8214019250629 2.21138445967326 0
43.9708971617149 92.0681963683802 2.21138445967326 0
43.7869221746961 92.3149908116974 2.21138445967326 0
43.6029471876774 92.5617852550147 2.21138445967326 0
43.4189722006587 92.8085796983319 2.21138445967326 0
43.23499721364 93.0553741416492 2.21138445967326 0
43.0510222266212 93.3021685849664 2.21138445967326 0
42.8670472396025 93.5489630282836 2.21138445967326 0
42.6820856696706 93.7950129823232 2.22896268391963 0
42.4891630585085 94.0348534901326 2.26744041552767 0
42.2871570024814 94.2670950807496 2.30591814713571 0
42.0763665418955 94.4913939545985 2.34439587874374 0
41.857103721078 94.7074180701297 2.38287361035178 0
41.6296931264414 94.9148476353583 2.42135134195982 0
41.3944714059811 95.1133755812692 2.45982907356785 0
41.1517867709173 95.3027080163877 2.49830680517589 0
40.9019984802198 95.4825646618426 2.53678453678393 0
40.6454763087772 95.6526792662782 2.57526226839196 0
40.3826 95.8128 2.61374 0
