92.4025 79.0976 -0.498627 0
92.1360647838626 79.2362594885121 -0.46108020060297 0
91.8646123539732 79.3648198107728 -0.423533401205941 0
91.5885253487361 79.4830997485973 -0.385986601808911 0
91.3081929394366 79.5909325749954 -0.348439802411881 0
91.0240102816674 79.6881662891887 -0.310893003014852 0
90.7364089655643 79.77477284697 -0.280874156525754 0
90.4494359355191 79.8634331998865 -0.318420955922783 0
90.1659932939461 79.962803452431 -0.355967755319813 0
89.8864805806105 80.0727435326401 -0.393514554716843 0
89.611291795664 80.1930984693577 -0.431061354113872 0
89.3408148442641 80.3236986106823 -0.468608153510902 0
89.0754309897838 80.4643598631073 -0.506154952907932 0
88.8155143163845 80.614883951019 -0.543701752304961 0
88.561431201708 80.7750586961848 -0.581248551701991 0
88.3135398004321 80.9446583168391 -0.618795351099021 0
88.0721895394166 81.1234437459445 -0.65634215049605 0
87.8377206251531 81.3111629681799 -0.69388894989308 0
87.6104635642101 81.5075513751803 -0.73143574929011 0
87.3907386973531 81.7123321385281 -0.768982548687139 0
87.1788557479927 81.925216599969 -0.806529348084169 0
86.9751133856 82.145904678304 -0.844076147481199 0
86.7797988047026 82.3740852923831 -0.881622946878228 0
86.5931873200568 82.6094367996035 -0.919169746275258 0
86.4155419785645 82.8516274492964 -0.956716545672287 0
86.2471131884832 83.1003158503617 -0.994263345069317 0
86.0881383664517 83.3551514524911 -1.03181014446635 0
85.9896273859107 83.5238465618101 -1.06935694386338 0
86.1290356429261 83.2578023624211 -1.10690374326041 0
86.2583588839375 82.9867125664366 -1.14445054265744 0
86.3774148153524 82.7109593010932 -1.18199734205447 0
86.4860356163428 82.430931267238 -1.2195441414515 0
86.584068175404 82.1470231914167 -1.25709094084852 0
86.6713743061806 81.859635269469 -1.29463774024555 0
86.7478309422532 81.5691726024134 -1.33218453964258 0
86.8133303106128 81.2760446254185 -1.36973133903961 0
86.8677800835767 80.9806645306647 -1.40727813843664 0
86.9111035089337 80.6834486849095 -1.44482493783367 0
86.9432395181336 80.384816042579 -1.4823717372307 0
86.9641428123692 80.0851875552105 -1.51991853662773 0
86.9737839264294 79.7849855780813 -1.55746533602476 0
86.9721492702332 79.4846332748577 -1.59501213542179 0
86.9592411479864 79.1845540211051 -1.63255893481882 0
86.9350777549333 78.8851708074996 -1.67010573421585 0
86.8996931517091 78.5869056435812 -1.70765253361288 0
86.8531372163277 78.2901789628911 -1.74519933300991 0
86.7954755738743 77.9954090303298 -1.78274613240694 0
86.7267895040003 77.7030113525724 -1.82029293180397 0
86.6478504335909 77.4132057999866 -1.83911163656143 0
86.5647523074495 77.1313301089266 -1.87584737281318 0
86.4713576638751 76.852696578406 -1.91258310906492 0
86.3677925261032 76.5776811860785 -1.94931884531666 0
86.2585718342137 76.3048447013961 -1.95164858926336 0
86.149330980859 76.0320162712287 -1.95164858926336 0
86.0411161852055 75.7587835812466 -1.93504412993897 0
85.9414872319864 75.4823178953844 -1.89830839368723 0
85.8520793829132 75.2023796159318 -1.86157265743549 0
85.7730132815901 74.9193464811219 -1.82483692118374 0
85.7043956168538 74.6336004052698 -1.788101184932 0
85.6463189788121 74.3455269634315 -1.75136544868026 0
85.5986569487289 74.0541000452566 -1.71445101622994 0
85.5614746437126 73.7611474970485 -1.68634178603332 0
85.52742815918 73.4678011870814 -1.68634178603332 0
85.4933816746474 73.1744548771144 -1.68634178603332 0
85.4593351901148 72.8811085671474 -1.68634178603332 0
85.4252887055822 72.5877622571804 -1.68634178603332 0
85.3912422210496 72.2944159472134 -1.68634178603332 0
85.357195736517 72.0010696372463 -1.68634178603332 0
85.3231492519844 71.7077233272793 -1.68634178603332 0
85.2891027674518 71.4143770173123 -1.68634178603332 0
85.2550562829192 71.1210307073453 -1.68634178603332 0
85.2210097983866 70.8276843973782 -1.68634178603332 0
85.186963313854 70.5343380874112 -1.68634178603332 0
85.1529168293214 70.2409917774442 -1.68634178603332 0
85.1188703447888 69.9476454674772 -1.68634178603332 0
85.0848238602562 69.6542991575102 -1.68634178603332 0
85.0507773757236 69.3609528475431 -1.68634178603332 0
85.016730891191 69.0676065375761 -1.68634178603332 0
84.9826844066584 68.7742602276091 -1.68634178603332 0
84.9486379221258 68.4809139176421 -1.68634178603332 0
84.9191976700862 68.1870858796669 -1.65231421288144 0
84.9005882762923 67.8923741421822 -1.61539978043112 0
84.8870342046214 67.5905077955053 -1.61566804451853 0
84.8734798453766 67.2886414617152 -1.61566804451853 0
84.8599254861318 66.9867751279251 -1.61566804451853 0
84.8463711268871 66.684908794135 -1.61566804451853 0
84.8328167676423 66.3830424603449 -1.61566804451853 0
84.8192624083975 66.0811761265548 -1.61566804451853 0
84.8057080491528 65.7793097927647 -1.61566804451853 0
84.792153689908 65.4774434589746 -1.61566804451853 0
84.7785993306632 65.1755771251845 -1.61566804451853 0
84.7650449714185 64.8737107913944 -1.61566804451853 0
84.7514906121737 64.5718444576044 -1.61566804451853 0
84.7379362529289 64.2699781238143 -1.61566804451853 0
84.7243818936842 63.9681117900242 -1.61566804451853 0
84.7108275344394 63.6662454562341 -1.61566804451853 0
84.6972731751946 63.364379122444 -1.61566804451853 0
84.6837188159498 63.0625127886539 -1.61566804451853 0
84.6701644567051 62.7606464548638 -1.61566804451853 0
84.6566100974603 62.4587801210737 -1.61566804451853 0
84.6430557382155 62.1569137872836 -1.61566804451853 0
84.6295013789708 61.8550474534935 -1.61566804451853 0
84.615947019726 61.5531811197034 -1.61566804451853 0
84.6023926604812 61.2513147859133 -1.61566804451853 0
84.5888383012365 60.9494484521232 -1.61566804451853 0
84.5752839419917 60.6475821183331 -1.61566804451853 0
84.5617295827469 60.345715784543 -1.61566804451853 0
84.5481752235022 60.0438494507529 -1.61566804451853 0
84.5346208642574 59.7419831169628 -1.61566804451853 0
84.5210665050126 59.4401167831727 -1.61566804451853 0
84.5075121457679 59.1382504493826 -1.61566804451853 0
84.4939577865231 58.8363841155925 -1.61566804451853 0
84.4804034272783 58.5345177818024 -1.61566804451853 0
84.4668490680336 58.2326514480124 -1.61566804451853 0
84.4532947087888 57.9307851142223 -1.61566804451853 0
84.439740349544 57.6289187804322 -1.61566804451853 0
84.4261859902992 57.3270524466421 -1.61566804451853 0
84.4126316310545 57.025186112852 -1.61566804451853 0
84.3990772718097 56.7233197790619 -1.61566804451853 0
84.3855229125649 56.4214534452718 -1.61566804451853 0
84.3719685533202 56.1195871114817 -1.61566804451853 0
84.3584141940754 55.8177207776916 -1.61566804451853 0
84.3448598348306 55.5158544439015 -1.61566804451853 0
84.3313054755859 55.2139881101114 -1.61566804451853 0
84.3177511163411 54.9121217763213 -1.61566804451853 0
84.3041967570963 54.6102554425312 -1.61566804451853 0
84.2906423978516 54.3083891087411 -1.61566804451853 0
84.2770880386068 54.006522774951 -1.61566804451853 0
84.263533679362 53.7046564411609 -1.61566804451853 0
84.2499793201172 53.4027901073708 -1.61566804451853 0
84.2364249608725 53.1009237735807 -1.61566804451853 0
84.2228706016277 52.7990574397906 -1.61566804451853 0
84.2093162423829 52.4971911060005 -1.61566804451853 0
84.1957618831382 52.1953247722105 -1.61566804451853 0
84.1822075238934 51.8934584384204 -1.61566804451853 0
84.1686531646486 51.5915921046303 -1.61566804451853 0
84.1550988054039 51.2897257708402 -1.61566804451853 0
84.1415444461591 50.9878594370501 -1.61566804451853 0
84.1279900869143 50.68599310326 -1.61566804451853 0
84.1144357276696 50.3841267694699 -1.61566804451853 0
84.1008813684248 50.0822604356798 -1.61566804451853 0
84.08732700918 49.7803941018897 -1.61566804451853 0
84.0737726499353 49.4785277680996 -1.61566804451853 0
84.0602182906905 49.1766614343095 -1.61566804451853 0
84.0466639314457 48.8747951005194 -1.61566804451853 0
84.033109572201 48.5729287667293 -1.61566804451853 0
84.0195552129562 48.2710624329392 -1.61566804451853 0
84.0060008537114 47.9691960991491 -1.61566804451853 0
83.9924464944666 47.667329765359 -1.61566804451853 0
83.9788921352219 47.3654634315689 -1.61566804451853 0
83.9653377759771 47.0635970977788 -1.61566804451853 0
83.9517834167323 46.7617307639887 -1.61566804451853 0
83.9382290574876 46.4598644301986 -1.61566804451853 0
83.9246746982428 46.1579980964085 -1.61566804451853 0
83.911120338998 45.8561317626184 -1.61566804451853 0
83.8975659797533 45.5542654288284 -1.61566804451853 0
83.8840116205085 45.2523990950383 -1.61566804451853 0
83.8704572612637 44.9505327612482 -1.61566804451853 0
83.856902902019 44.6486664274581 -1.61566804451853 0
83.8433485427742 44.346800093668 -1.61566804451853 0
83.8297941835294 44.0449337598779 -1.61566804451853 0
83.8162398242847 43.7430674260878 -1.61566804451853 0
83.8026854650399 43.4412010922977 -1.61566804451853 0
83.7891311057951 43.1393347585076 -1.61566804451853 0
83.7755767465503 42.8374684247175 -1.61566804451853 0
83.7620223873056 42.5356020909274 -1.61566804451853 0
83.7484680280608 42.2337357571373 -1.61566804451853 0
83.734913668816 41.9318694233472 -1.61566804451853 0
83.7213593095713 41.6300030895571 -1.61566804451853 0
83.7078049503265 41.328136755767 -1.61566804451853 0
83.6942505910817 41.0262704219769 -1.61566804451853 0
83.680696231837 40.7244040881868 -1.61566804451853 0
83.6671418725922 40.4225377543967 -1.61566804451853 0
83.6535875133474 40.1206714206066 -1.61566804451853 0
83.6400331541027 39.8188050868165 -1.61566804451853 0
83.6264787948579 39.5169387530265 -1.61566804451853 0
83.6129244356131 39.2150724192363 -1.61566804451853 0
83.5993700763683 38.9132060854463 -1.61566804451853 0
83.5858157171236 38.6113397516562 -1.61566804451853 0
83.5722613578788 38.3094734178661 -1.61566804451853 0
83.5587069986341 38.007607084076 -1.61566804451853 0
83.5451526393893 37.7057407502859 -1.61566804451853 0
83.5315982801445 37.4038744164958 -1.61566804451853 0
83.5180439208997 37.1020080827057 -1.61566804451853 0
83.4993854750158 36.8004319149956 -1.65141895160795 0
83.4696211673789 36.5019015793029 -1.68892245679042 0
83.4286844795914 36.2046971665986 -1.72642596197288 0
83.3819199736 35.9083360590038 -1.72731203378154 0
83.3351523653594 35.6119754400248 -1.72731203378154 0
83.2883847571188 35.3156148210458 -1.72731203378154 0
83.2416171488782 35.0192542020668 -1.72731203378154 0
83.1948495406375 34.7228935830878 -1.72731203378154 0
83.1480819323969 34.4265329641088 -1.72731203378154 0
83.1013143241563 34.1301723451298 -1.72731203378154 0
83.0545467159157 33.8338117261509 -1.72731203378154 0
83.007779107675 33.5374511071719 -1.72731203378154 0
82.9610114994344 33.2410904881929 -1.72731203378154 0
82.9142438911938 32.9447298692139 -1.72731203378154 0
82.8674762829532 32.6483692502349 -1.72731203378154 0
82.8207086747126 32.3520086312559 -1.72731203378154 0
82.7739410664719 32.0556480122769 -1.72731203378154 0
82.7271734582313 31.7592873932979 -1.72731203378154 0
82.6804058499907 31.4629267743189 -1.72731203378154 0
82.6336382417501 31.16656615534 -1.72731203378154 0
82.5868706335094 30.870205536361 -1.72731203378154 0
82.5401030252688 30.573844917382 -1.72731203378154 0
82.4933354170282 30.277484298403 -1.72731203378154 0
82.4465678087876 29.981123679424 -1.72731203378154 0
82.3998002005469 29.684763060445 -1.72731203378154 0
82.3530325923063 29.388402441466 -1.72731203378154 0
82.3062649840657 29.092041822487 -1.72731203378154 0
82.2594973758251 28.7956812035081 -1.72731203378154 0
82.2127297675844 28.4993205845291 -1.72731203378154 0
82.1659621593438 28.2029599655501 -1.72731203378154 0
82.1191945511032 27.9065993465711 -1.72731203378154 0
82.0724269428626 27.6102387275921 -1.72731203378154 0
82.025659334622 27.3138781086131 -1.72731203378154 0
81.9788917263813 27.0175174896341 -1.72731203378154 0
81.9321241181407 26.7211568706551 -1.72731203378154 0
81.8853565099001 26.4247962516761 -1.72731203378154 0
81.8385889016595 26.1284356326972 -1.72731203378154 0
81.7918212934188 25.8320750137182 -1.72731203378154 0
81.7450536851782 25.5357143947392 -1.72731203378154 0
81.6982860769376 25.2393537757602 -1.72731203378154 0
81.651518468697 24.9429931567812 -1.72731203378154 0
81.6047508604563 24.6466325378022 -1.72731203378154 0
81.5583478376071 24.350215580478 -1.71770847247478 0
81.520003548825 24.0526656000449 -1.68020496729231 0
81.4928427742493 23.7538871408776 -1.64270146210985 0
81.4769037113822 23.4543003894802 -1.60519795692738 0
81.4815918254253 23.7563835178091 -1.56743077437232 0
81.4748704797315 24.0584282468582 -1.52966359181726 0
81.4567492602206 24.3600038032909 -1.4918964092622 0
81.4272540112044 24.6606800829003 -1.45412922670714 0
81.3864267985283 24.9600282640195 -1.41636204415207 0
81.4198908321148 24.7793072816593 -1.37859486159701 0
81.4831912114608 24.4838935771551 -1.34082767904195 0
81.557600742799 24.1910806394623 -1.30306049648689 0
81.6430133039592 23.9012860756238 -1.26529331393183 0
81.7393070803545 23.6149231879065 -1.22752613137677 0
81.8463447387114 23.332400384353 -1.1897589488217 0
81.9639736229338 23.0541205963143 -1.15199176626664 0
82.0920259718191 22.7804807037927 -1.11422458371158 0
82.2303191583183 22.5118709694156 -1.07645740115652 0
82.3786559499964 22.2486744818461 -1.03869021860146 0
82.5368247903238 21.9912666094262 -1.0009230360464 0
82.7046001003959 21.7400144648294 -0.963155853491334 0
82.8817426006521 21.4952763814888 -0.925388670936272 0
83.0679996521334 21.2574014025445 -0.88762148838121 0
83.2631056167942 21.0267287830422 -0.849854305826149 0
83.4667822363526 20.8035875060908 -0.812087123271087 0
83.6787390291397 20.5882958136693 -0.774319940716025 0
83.8986737043817 20.3811607527539 -0.736552758160964 0
84.1251935041899 20.1812302519913 -0.727503763386114 0
84.3469935133981 19.9760938321398 -0.765270945941176 0
84.5608897750893 19.7627289238986 -0.803038128496237 0
84.7665772324377 19.5414398262823 -0.840805311051299 0
84.9637625359365 19.3125421397096 -0.878572493606361 0
85.1521644617703 19.0763623158965 -0.916339676161422 0
85.344844026936 18.8349688065364 -0.880788601043446 0
85.5414603356716 18.5967468102567 -0.880788601043446 0
85.7380766444071 18.3585248139771 -0.880788601043446 0
85.9346929531427 18.1203028176974 -0.880788601043446 0
86.1313092618782 17.8820808214177 -0.880788601043446 0
86.3279255706138 17.6438588251381 -0.880788601043446 0
86.5245418793493 17.4056368288584 -0.880788601043446 0
86.7211581880849 17.1674148325787 -0.880788601043446 0
86.9177744968204 16.9291928362991 -0.880788601043446 0
87.114390805556 16.6909708400194 -0.880788601043446 0
87.3110071142916 16.4527488437397 -0.880788601043446 0
87.5076234230271 16.2145268474601 -0.880788601043446 0
87.7042397317627 15.9763048511804 -0.880788601043446 0
87.9008560404982 15.7380828549008 -0.880788601043446 0
88.0974723492338 15.4998608586211 -0.880788601043446 0
88.2940886579693 15.2616388623414 -0.880788601043446 0
88.4907049667049 15.0234168660618 -0.880788601043446 0
88.6873212754404 14.7851948697821 -0.880788601043446 0
88.883937584176 14.5469728735024 -0.880788601043446 0
89.0805538929115 14.3087508772228 -0.880788601043446 0
89.2771702016471 14.0705288809431 -0.880788601043446 0
89.4737865103827 13.8323068846634 -0.880788601043446 0
89.6704028191182 13.5940848883838 -0.880788601043446 0
89.8670191278538 13.3558628921041 -0.880788601043446 0
90.0636354365893 13.1176408958245 -0.880788601043446 0
90.2602517453249 12.8794188995448 -0.880788601043446 0
90.4568680540604 12.6411969032651 -0.880788601043446 0
90.653484362796 12.4029749069855 -0.880788601043446 0
90.8501006715315 12.1647529107058 -0.880788601043446 0
91.0467169802671 11.9265309144261 -0.880788601043446 0
91.2433332890026 11.6883089181465 -0.880788601043446 0
91.4399495977382 11.4500869218668 -0.880788601043446 0
91.6365659064737 11.2118649255871 -0.880788601043446 0
91.8331822152093 10.9736429293075 -0.880788601043446 0
92.0297985239448 10.7354209330278 -0.880788601043446 0
92.2264148326804 10.4971989367482 -0.880788601043446 0
92.423031141416 10.2589769404685 -0.880788601043446 0
92.6196474501515 10.0207549441888 -0.880788601043446 0
92.8162637588871 9.78253294790916 -0.880788601043446 0
93.0128800676226 9.5443109516295 -0.880788601043446 0
93.2094963763582 9.30608895534984 -0.880788601043446 0
93.4061126850937 9.06786695907017 -0.880788601043446 0
93.6027289938293 8.82964496279051 -0.880788601043446 0
93.8028 8.59434 -0.847167 0
