77.7784 89.8615 2.61865 0
78.0362165465896 89.7063430997593 2.58103482023202 0
78.2880158436381 89.5416004234621 2.54341964046403 0
78.5334416618852 89.3675050383268 2.50580446069604 0
78.7721467888536 89.1843032431754 2.46818928092806 0
79.0037935200627 88.9922542199864 2.43057410116007 0
79.2280541367909 88.7916296672209 2.39295892139209 0
79.4458905642232 88.5840274226412 2.37675553215447 0
79.6630039215624 88.3756635534137 2.37675553215447 0
79.8801172789016 88.1672996841861 2.37675553215447 0
80.0972306362408 87.9589358149585 2.37675553215447 0
80.31434399358 87.7505719457309 2.37675553215447 0
80.5313153392044 87.5420608058838 2.36960382626088 0
80.7429346977309 87.3281442743007 2.3319886464929 0
80.9463597521866 87.1064208370926 2.29437346672491 0
81.1413027100417 86.8772041741504 2.25675828695693 0
81.3274877786849 86.6408185662931 2.21914310718894 0
81.5046515555963 86.3975984364967 2.18152792742096 0
81.6725434009929 86.1478878767741 2.14391274765297 0
81.8309257924169 85.8920401613758 2.10629756788499 0
81.9795746607672 85.6304172470012 2.068682388117 0
82.1182797072976 85.3633892607251 2.03106720834902 0
82.2468447011343 85.0913339763664 1.99345202858103 0
82.3673551321062 84.8090354661476 1.95508155387535 0
82.4769475905311 84.5223218356708 1.91671107916967 0
82.5754607439592 84.231615159713 1.87834060446399 0
82.662749569926 83.9373433912639 1.83997012975831 0
82.7401329816681 83.6402995828375 1.82090955917801 0
82.8161107177592 83.3428871475168 1.82090955917801 0
82.8920884538503 83.0454747121961 1.82090955917801 0
82.9680661899414 82.7480622768754 1.82090955917801 0
83.0440439260325 82.4506498415547 1.82090955917801 0
83.1200216621236 82.153237406234 1.82090955917801 0
83.1959993982147 81.8558249709134 1.82090955917801 0
83.2719771343058 81.5584125355927 1.82090955917801 0
83.3479548703969 81.261000100272 1.82090955917801 0
83.4239326064881 80.9635876649513 1.82090955917801 0
83.4982840901067 80.6657715816317 1.8004424053478 0
83.5624081457094 80.3655994337934 1.76207193064212 0
83.6149700806303 80.0631883628284 1.72370145593644 0
83.6558925177775 79.7589835519152 1.68533098123076 0
83.6846559756502 79.4594211267894 1.64771124223395 0
83.7021322799963 79.1589888351788 1.61009150323714 0
83.7098793035254 78.8581354531212 1.59236395493937 0
83.7163697486453 78.5572475356134 1.59236395493937 0
83.7228601937653 78.2563596181056 1.59236395493937 0
83.7293506388852 77.9554717005978 1.59236395493937 0
83.7358410840051 77.65458378309 1.59236395493937 0
83.742331529125 77.3536958655822 1.59236395493937 0
83.748821974245 77.0528079480744 1.59236395493937 0
83.7553124193649 76.7519200305666 1.59236395493937 0
83.7618028644848 76.4510321130588 1.59236395493937 0
83.7682933096047 76.150144195551 1.59236395493937 0
83.7747837547247 75.8492562780432 1.59236395493937 0
83.7812741998446 75.5483683605354 1.59236395493937 0
83.7877646449645 75.2474804430275 1.59236395493937 0
83.7942550900844 74.9465925255197 1.59236395493937 0
83.8007455352044 74.6457046080119 1.59236395493937 0
83.8072359803243 74.3448166905041 1.59236395493937 0
83.8137264254442 74.0439287729963 1.59236395493937 0
83.8202168705641 73.7430408554885 1.59236395493937 0
83.826707315684 73.4421529379807 1.59236395493937 0
83.833197760804 73.1412650204729 1.59236395493937 0
83.8396882059239 72.8403771029651 1.59236395493937 0
83.8461786510438 72.5394891854573 1.59236395493937 0
83.8526690961638 72.2386012679495 1.59236395493937 0
83.8591595412837 71.9377133504417 1.59236395493937 0
83.8656499864036 71.6368254329338 1.59236395493937 0
83.8721404315235 71.3359375154261 1.59236395493937 0
83.8786308766434 71.0350495979182 1.59236395493937 0
83.8851213217634 70.7341616804104 1.59236395493937 0
83.8916117668833 70.4332737629026 1.59236395493937 0
83.8981022120032 70.1323858453948 1.59236395493937 0
83.9045926571231 69.831497927887 1.59236395493937 0
83.9110831022431 69.5306100103792 1.59236395493937 0
83.917573547363 69.2297220928714 1.59236395493937 0
83.9240639924829 68.9288341753636 1.59236395493937 0
83.9305544376028 68.6279462578558 1.59236395493937 0
83.9370448827228 68.327058340348 1.59236395493937 0
83.9435353278427 68.0261704228402 1.59236395493937 0
83.9500257729626 67.7252825053324 1.59236395493937 0
83.9565162180825 67.4243945878246 1.59236395493937 0
83.9630066632025 67.1235066703167 1.59236395493937 0
83.9694971083224 66.8226187528089 1.59236395493937 0
83.9759875534423 66.5217308353011 1.59236395493937 0
83.9824779985622 66.2208429177933 1.59236395493937 0
83.9889684436822 65.9199550002855 1.59236395493937 0
83.9954588888021 65.6190670827777 1.59236395493937 0
84.001949333922 65.3181791652699 1.59236395493937 0
84.0084397790419 65.0172912477621 1.59236395493937 0
84.0149302241619 64.7164033302543 1.59236395493937 0
84.0214206692818 64.4155154127465 1.59236395493937 0
84.0279111144017 64.1146274952387 1.59236395493937 0
84.0344015595216 63.8137395777309 1.59236395493937 0
84.0408920046415 63.512851660223 1.59236395493937 0
84.0473824497615 63.2119637427152 1.59236395493937 0
84.0538728948814 62.9110758252074 1.59236395493937 0
84.0603633400013 62.6101879076996 1.59236395493937 0
84.0668537851212 62.3092999901918 1.59236395493937 0
84.0733442302412 62.008412072684 1.59236395493937 0
84.0798346753611 61.7075241551762 1.59236395493937 0
84.086325120481 61.4066362376684 1.59236395493937 0
84.0928155656009 61.1057483201606 1.59236395493937 0
84.0993060107209 60.8048604026528 1.59236395493937 0
84.1057964558408 60.503972485145 1.59236395493937 0
84.1122869009607 60.2030845676372 1.59236395493937 0
84.1187773460806 59.9021966501294 1.59236395493937 0
84.1252677912006 59.6013087326215 1.59236395493937 0
84.1317582363205 59.3004208151137 1.59236395493937 0
84.1382486814404 58.9995328976059 1.59236395493937 0
84.1447391265603 58.6986449800981 1.59236395493937 0
84.1512295716803 58.3977570625903 1.59236395493937 0
84.1577200168002 58.0968691450825 1.59236395493937 0
84.1642104619201 57.7959812275747 1.59236395493937 0
84.17070090704 57.4950933100669 1.59236395493937 0
84.17719135216 57.1942053925591 1.59236395493937 0
84.1836817972799 56.8933174750513 1.59236395493937 0
84.1901722423998 56.5924295575435 1.59236395493937 0
84.1966626875197 56.2915416400357 1.59236395493937 0
84.2031531326397 55.9906537225279 1.59236395493937 0
84.2096435777596 55.68976580502 1.59236395493937 0
84.2161340228795 55.3888778875122 1.59236395493937 0
84.2226244679994 55.0879899700044 1.59236395493937 0
84.2291149131193 54.7871020524966 1.59236395493937 0
84.2356053582393 54.4862141349888 1.59236395493937 0
84.2420958033592 54.185326217481 1.59236395493937 0
84.2485862484791 53.8844382999732 1.59236395493937 0
84.2550766935991 53.5835503824654 1.59236395493937 0
84.261567138719 53.2826624649576 1.59236395493937 0
84.2680575838389 52.9817745474498 1.59236395493937 0
84.2745480289588 52.680886629942 1.59236395493937 0
84.2810384740787 52.3799987124342 1.59236395493937 0
84.2875289191987 52.0791107949264 1.59236395493937 0
84.2940193643186 51.7782228774185 1.59236395493937 0
84.3005098094385 51.4773349599107 1.59236395493937 0
84.3070002545584 51.1764470424029 1.59236395493937 0
84.3134906996784 50.8755591248951 1.59236395493937 0
84.3199811447983 50.5746712073873 1.59236395493937 0
84.3264715899182 50.2737832898795 1.59236395493937 0
84.3329620350381 49.9728953723717 1.59236395493937 0
84.3394524801581 49.6720074548639 1.59236395493937 0
84.345942925278 49.3711195373561 1.59236395493937 0
84.3524333703979 49.0702316198483 1.59236395493937 0
84.3589238155178 48.7693437023405 1.59236395493937 0
84.3654142606377 48.4684557848327 1.59236395493937 0
84.3719047057577 48.1675678673248 1.59236395493937 0
84.3783951508776 47.866679949817 1.59236395493937 0
84.3848855959975 47.5657920323092 1.59236395493937 0
84.3913760411175 47.2649041148014 1.59236395493937 0
84.3978664862374 46.9640161972936 1.59236395493937 0
84.4043569313573 46.6631282797858 1.59236395493937 0
84.4108473764772 46.362240362278 1.59236395493937 0
84.4173378215971 46.0613524447702 1.59236395493937 0
84.4238282667171 45.7604645272624 1.59236395493937 0
84.430318711837 45.4595766097546 1.59236395493937 0
84.4368091569569 45.1586886922468 1.59236395493937 0
84.4432996020768 44.857800774739 1.59236395493937 0
84.4497900471968 44.5569128572311 1.59236395493937 0
84.4562804923167 44.2560249397233 1.59236395493937 0
84.4627709374366 43.9551370222155 1.59236395493937 0
84.4692613825565 43.6542491047077 1.59236395493937 0
84.4757518276765 43.3533611871999 1.59236395493937 0
84.4822422727964 43.0524732696921 1.59236395493937 0
84.4887327179163 42.7515853521843 1.59236395493937 0
84.4952231630362 42.4506974346765 1.59236395493937 0
84.4975489553495 42.1497644892168 1.56009548470311 0
84.4886692859156 41.848955356166 1.5224757457063 0
84.468484338938 41.54871777393 1.48485911123971 0
84.4382670584982 41.2493120165481 1.46493764206957 0
84.4064701430059 40.9500635040454 1.46493764206957 0
84.3746732275137 40.6508149915426 1.46493764206957 0
84.3428763120214 40.3515664790399 1.46493764206957 0
84.3110793965292 40.0523179665371 1.46493764206957 0
84.2792824810369 39.7530694540343 1.46493764206957 0
84.2474855655447 39.4538209415316 1.46493764206957 0
84.2156886500524 39.1545724290288 1.46493764206957 0
84.1838917345602 38.8553239165261 1.46493764206957 0
84.1520948190679 38.5560754040233 1.46493764206957 0
84.1202979035756 38.2568268915205 1.46493764206957 0
84.0885009880834 37.9575783790178 1.46493764206957 0
84.0567040725911 37.658329866515 1.46493764206957 0
84.0249071570989 37.3590813540123 1.46493764206957 0
83.9876488751473 37.0604815029608 1.42785677346697 0
83.9391884142831 36.7634939247623 1.39024013900038 0
83.8795931967404 36.4685389317254 1.35262350453379 0
83.8089475404756 36.1760338392529 1.31500687006721 0
83.7273513980958 35.88639249652 1.27739023560062 0
83.6349202154412 35.6000247009415 1.23977360113404 0
83.5317847682478 35.3173356183727 1.20215696666745 0
83.4180909771193 35.0387252098625 1.16454033220086 0
83.2939997010728 34.7645876657709 1.12692369773428 0
83.1596865099482 34.4953108480511 1.08930706326769 0
83.0153414360038 34.2312757414849 1.05169042880111 0
82.8611687050509 33.972855914649 1.01407379433452 0
82.6973864475055 33.720416991373 0.976457159867935 0
82.5242263897678 33.4743161334393 0.938840525401349 0
82.341933526366 33.2349015352542 0.901223890934763 0
82.1507657733261 33.0025119312073 0.863607256468177 0
81.9509936032621 32.7774761164148 0.825990622001591 0
81.7428996626982 32.5601124815262 0.788373987535005 0
81.526778372169 32.3507285622502 0.75075735306842 0
81.3029355096593 32.1496206042403 0.713140718601834 0
81.0716877779768 31.9570731439531 0.675524084135248 0
80.833362356666 31.7733586060732 0.637907449668662 0
80.5882964391009 31.5987369180749 0.600290815202076 0
80.3368367554082 31.4334551424656 0.56267418073549 0
80.0793390818986 31.2777471272303 0.525057546268904 0
79.8161677376984 31.1318331749732 0.487440911802318 0
79.547695069295 30.9959197312241 0.449824277335732 0
79.2743009237241 30.8701990923498 0.412207642869146 0
78.9963721111456 30.754849133485 0.374591008402561 0
78.7143018575675 30.6500330568661 0.336974373935975 0
78.4284892484919 30.5558991609263 0.299357739469389 0
78.1393386642717 30.4725806304753 0.261741105002803 0
77.8472592079748 30.4001953482648 0.224124470536217 0
77.5526641265673 30.3388457282016 0.186507836069631 0
77.2559702262332 30.2886185704484 0.148891201603045 0
76.9575972826587 30.2495849386154 0.111274567136459 0
76.6579674471147 30.2218000592156 0.0736579326698734 0
76.3575046491786 30.2053032435284 0.0360412982032874 0
76.05663399694 30.2001178319802 -0.00157533626329842 0
75.7557811755388 30.2062511611211 -0.0391919707298842 0
75.4553718448871 30.2236945532451 -0.07680860519647 0
75.2920649557162 30.2373572849374 -0.114425239663056 0
75.5903134363691 30.1973837729618 -0.152041874129642 0
75.8868476150389 30.1462220807304 -0.189658508596227 0
76.181247942021 30.0839445940738 -0.227275143062814 0
76.4730978866784 30.0106394259418 -0.2648917775294 0
76.7619845267683 29.9264102917366 -0.302508411995986 0
77.0474991326626 29.8313763625723 -0.340125046462572 0
77.3292377456367 29.7256720966656 -0.377741680929157 0
77.606801749408 29.6094470490993 -0.415358315395743 0
77.8797984341166 29.4828656602241 -0.452974949862329 0
78.1478415519475 29.346107023002 -0.490591584328915 0
78.4105518636123 29.1993646296169 -0.528208218795501 0
78.667557674913 29.0428460977138 -0.565824853262086 0
78.9184953626316 28.876772876652 -0.603441487728672 0
79.1630098890005 28.7013799341887 -0.641058122195258 0
79.4007553040258 28.516915424036 -0.678674756661844 0
79.631395234952 28.3236403347623 -0.716291391128431 0
79.854603362178 28.1218281205342 -0.753908025595016 0
80.070063880948 27.9117643142211 -0.791524660061602 0
80.2774719481661 27.6937461234106 -0.829141294528188 0
80.4765341137019 27.4680820099065 -0.866757928994774 0
80.6669687355769 27.2350912533029 -0.90437456346136 0
80.8485063784438 26.9951034992534 -0.941991197927945 0
81.0208901947959 26.748458293074 -0.979607832394531 0
81.183876288366 26.495504599339 -1.01722446686112 0
81.3372340592017 26.2366003081508 -1.0548411013277 0
81.4807465299289 25.9721117287807 -1.09245773579429 0
81.6142106527402 25.7024130713988 -1.13007437026088 0
81.7374375966767 25.4278859176244 -1.16769100472746 0
81.850253014794 25.1489186806477 -1.20530763919405 0
81.9524972908362 24.8659060556855 -1.24292427366063 0
82.0440257650678 24.5792484615488 -1.28054090812722 0
82.1368144580976 24.2888889330468 -1.24243545381637 0
82.2405973978353 24.0022750834764 -1.20432999950552 0
82.3552239070241 23.7198230331435 -1.16622454519467 0
82.4805275651715 23.4419428600455 -1.12811909088382 0
82.6158813849331 23.1688100595619 -1.10119446493595 0
82.7538326657036 22.8969661969847 -1.10119446493595 0
82.8917839464741 22.6251223344075 -1.10119446493595 0
83.0297352272447 22.3532784718303 -1.10119446493595 0
83.1676865080152 22.0814346092532 -1.10119446493595 0
83.3056377887857 21.809590746676 -1.10119446493595 0
83.4435890695563 21.5377468840988 -1.10119446493595 0
83.5815403503268 21.2659030215216 -1.10119446493595 0
83.7231235336295 20.9994745354206 -1.06347826987038 0
83.8746523135564 20.7385742386517 -1.02576207480481 0
84.0359111642459 20.4835732208606 -0.988045879739236 0
84.2066707203409 20.2348341808961 -0.950329684673665 0
84.3866881032248 19.9927109109284 -0.912613489608093 0
84.5756152725391 19.7574715178907 -0.880363153458573 0
84.7677781415461 19.5248470147331 -0.880363153458573 0
84.9599410105531 19.2922225115754 -0.880363153458573 0
85.1521038795601 19.0595980084178 -0.880363153458573 0
85.3442667485671 18.8269735052601 -0.880363153458573 0
85.5364296175741 18.5943490021025 -0.880363153458573 0
85.7285924865811 18.3617244989448 -0.880363153458573 0
85.9207553555881 18.1290999957872 -0.880363153458573 0
86.1129182245952 17.8964754926295 -0.880363153458573 0
86.3050810936022 17.6638509894719 -0.880363153458573 0
86.4972439626092 17.4312264863142 -0.880363153458573 0
86.6894068316162 17.1986019831566 -0.880363153458573 0
86.8815697006232 16.9659774799989 -0.880363153458573 0
87.0737325696302 16.7333529768413 -0.880363153458573 0
87.2658954386372 16.5007284736836 -0.880363153458573 0
87.4580583076442 16.2681039705259 -0.880363153458573 0
87.6502211766513 16.0354794673683 -0.880363153458573 0
87.8423840456583 15.8028549642106 -0.880363153458573 0
88.0345469146653 15.570230461053 -0.880363153458573 0
88.2267097836723 15.3376059578953 -0.880363153458573 0
88.4188726526793 15.1049814547377 -0.880363153458573 0
88.6110355216863 14.87235695158 -0.880363153458573 0
88.8031983906933 14.6397324484224 -0.880363153458573 0
88.9953612597003 14.4071079452647 -0.880363153458573 0
89.1875241287074 14.1744834421071 -0.880363153458573 0
89.3796869977144 13.9418589389494 -0.880363153458573 0
89.5718498667214 13.7092344357918 -0.880363153458573 0
89.7640127357284 13.4766099326341 -0.880363153458573 0
89.9561756047354 13.2439854294765 -0.880363153458573 0
90.1483384737424 13.0113609263188 -0.880363153458573 0
90.3405013427494 12.7787364231612 -0.880363153458573 0
90.5326642117564 12.5461119200035 -0.880363153458573 0
90.7248270807634 12.3134874168459 -0.880363153458573 0
90.9169899497705 12.0808629136882 -0.880363153458573 0
91.1091528187775 11.8482384105306 -0.880363153458573 0
91.3013156877845 11.6156139073729 -0.880363153458573 0
91.4934785567915 11.3829894042153 -0.880363153458573 0
91.6856414257985 11.1503649010576 -0.880363153458573 0
91.8778042948055 10.9177403979 -0.880363153458573 0
92.0699671638125 10.6851158947423 -0.880363153458573 0
92.2621300328195 10.4524913915847 -0.880363153458573 0
92.4542929018265 10.219866888427 -0.880363153458573 0
92.6464557708336 9.98724238526938 -0.880363153458573 0
92.8386186398406 9.75461788211173 -0.880363153458573 0
93.0307815088476 9.52199337895408 -0.880363153458573 0
93.2229443778546 9.28936887579643 -0.880363153458573 0
93.4151072468616 9.05674437263878 -0.880363153458573 0
93.6072701158686 8.82411986948113 -0.880363153458573 0
93.8028 8.59434 -0.847167 0
