93.8028 8.59434 -0.847167 0
93.6026151708531 8.81908280122248 -0.842883383472542 0
93.4023754761037 9.04377684846485 -0.842883383472542 0
93.2021357813544 9.26847089570722 -0.842883383472542 0
93.001896086605 9.49316494294959 -0.842883383472542 0
92.8016563918557 9.71785899019195 -0.842883383472542 0
92.6014166971063 9.94255303743432 -0.842883383472542 0
92.401177002357 10.1672470846767 -0.842883383472542 0
92.2009373076076 10.3919411319191 -0.842883383472542 0
92.0006976128583 10.6166351791614 -0.842883383472542 0
91.8004579181089 10.8413292264038 -0.842883383472542 0
91.6002182233596 11.0660232736462 -0.842883383472542 0
91.3999785286102 11.2907173208885 -0.842883383472542 0
91.1997388338609 11.5154113681309 -0.842883383472542 0
90.9994991391115 11.7401054153733 -0.842883383472542 0
90.7992594443622 11.9647994626156 -0.842883383472542 0
90.5990197496129 12.189493509858 -0.842883383472542 0
90.3987800548635 12.4141875571004 -0.842883383472542 0
90.1985403601142 12.6388816043427 -0.842883383472542 0
89.9983006653648 12.8635756515851 -0.842883383472542 0
89.7980609706155 13.0882696988275 -0.842883383472542 0
89.5978212758661 13.3129637460698 -0.842883383472542 0
89.3975815811168 13.5376577933122 -0.842883383472542 0
89.1973418863674 13.7623518405546 -0.842883383472542 0
88.9971021916181 13.9870458877969 -0.842883383472542 0
88.7968624968687 14.2117399350393 -0.842883383472542 0
88.5966228021194 14.4364339822817 -0.842883383472542 0
88.39638310737 14.6611280295241 -0.842883383472542 0
88.1961434126207 14.8858220767664 -0.842883383472542 0
87.9959037178713 15.1105161240088 -0.842883383472542 0
87.795664023122 15.3352101712512 -0.842883383472542 0
87.5954243283726 15.5599042184935 -0.842883383472542 0
87.3951846336233 15.7845982657359 -0.842883383472542 0
87.1949449388739 16.0092923129783 -0.842883383472542 0
86.9947052441246 16.2339863602206 -0.842883383472542 0
86.7944655493753 16.458680407463 -0.842883383472542 0
86.5942258546259 16.6833744547054 -0.842883383472542 0
86.3939861598766 16.9080685019477 -0.842883383472542 0
86.1937464651272 17.1327625491901 -0.842883383472542 0
85.9935067703779 17.3574565964325 -0.842883383472542 0
85.7932670756285 17.5821506436748 -0.842883383472542 0
85.5930273808792 17.8068446909172 -0.842883383472542 0
85.3927876861298 18.0315387381596 -0.842883383472542 0
85.1925479913805 18.2562327854019 -0.842883383472542 0
84.9923082966311 18.4809268326443 -0.842883383472542 0
84.7920686018818 18.7056208798867 -0.842883383472542 0
84.5919965753714 18.9304635984837 -0.850368187958817 0
84.3977453159914 19.1603312014903 -0.887989522958776 0
84.2122773948478 19.3973424183333 -0.925610857958735 0
84.0358552857564 19.6411618312323 -0.963232192958695 0
83.8687286609183 19.8914443874621 -1.00085352795865 0
83.7111340375849 20.1478358876705 -1.03847486295861 0
83.5632944433388 20.4099734871405 -1.07609619795857 0
83.425419100466 20.6774862092873 -1.11371753295853 0
83.2989694412473 20.9471571929652 -1.15095037397255 0
83.1826457166656 21.2213482702338 -1.18818321498657 0
83.076609165863 21.4996793781757 -1.22541605600059 0
82.9810067686804 21.7817647152765 -1.26264889701462 0
82.8959710419243 22.0672132761931 -1.29988173802864 0
82.8216198556828 22.3556293937364 -1.33711457904266 0
82.7580562699425 22.646613287315 -1.37434742005668 0
82.7053683917346 22.9397616170804 -1.4115802610707 0
82.6636292530081 23.2346680430067 -1.44881310208472 0
82.6328967093976 23.5309237881283 -1.48604594309874 0
82.613213360029 23.8281182051551 -1.52327878411276 0
82.6046064884712 24.1258393456814 -1.56051162512678 0
82.6070880249183 24.4236745311971 -1.5977444661408 0
82.6206545296521 24.7212109251115 -1.63497730715482 0
82.6430297949887 25.0182296921079 -1.64841033751529 0
82.6661249124091 25.3151957176895 -1.64841033751529 0
82.6892200298294 25.6121617432712 -1.64841033751529 0
82.7123151472497 25.9091277688528 -1.64841033751529 0
82.7354102646701 26.2060937944345 -1.64841033751529 0
82.7585053820904 26.5030598200161 -1.64841033751529 0
82.7816004995108 26.8000258455978 -1.64841033751529 0
82.8046956169311 27.0969918711794 -1.64841033751529 0
82.8277907343515 27.3939578967611 -1.64841033751529 0
82.8508858517718 27.6909239223427 -1.64841033751529 0
82.8739809691921 27.9878899479244 -1.64841033751529 0
82.8970760866125 28.284855973506 -1.64841033751529 0
82.9201712040328 28.5818219990877 -1.64841033751529 0
82.9432663214532 28.8787880246694 -1.64841033751529 0
82.9663614388735 29.175754050251 -1.64841033751529 0
82.9894565562938 29.4727200758327 -1.64841033751529 0
83.0125516737142 29.7696861014143 -1.64841033751529 0
83.0356467911345 30.066652126996 -1.64841033751529 0
83.0587419085549 30.3636181525776 -1.64841033751529 0
83.0818370259752 30.6605841781593 -1.64841033751529 0
83.1049321433956 30.9575502037409 -1.64841033751529 0
83.1280272608159 31.2545162293226 -1.64841033751529 0
83.1511223782362 31.5514822549042 -1.64841033751529 0
83.1742174956566 31.8484482804859 -1.64841033751529 0
83.1973126130769 32.1454143060675 -1.64841033751529 0
83.2204077304973 32.4423803316492 -1.64841033751529 0
83.2435028479176 32.7393463572308 -1.64841033751529 0
83.266597965338 33.0363123828125 -1.64841033751529 0
83.2896930827583 33.3332784083941 -1.64841033751529 0
83.3127882001786 33.6302444339758 -1.64841033751529 0
83.335883317599 33.9272104595574 -1.64841033751529 0
83.3589784350193 34.2241764851391 -1.64841033751529 0
83.3820735524397 34.5211425107207 -1.64841033751529 0
83.40516866986 34.8181085363024 -1.64841033751529 0
83.4282637872803 35.115074561884 -1.64841033751529 0
83.4508647169383 35.4120771764984 -1.63727994984032 0
83.4652302428648 35.713508620256 -1.59955601757972 0
83.4713015014153 36.0152379481684 -1.58960186378441 0
83.4769765173364 36.3169760438197 -1.58960186378441 0
83.4826515332575 36.6187141394709 -1.58960186378441 0
83.4883265491786 36.9204522351221 -1.58960186378441 0
83.4940015650998 37.2221903307733 -1.58960186378441 0
83.4996765810209 37.5239284264245 -1.58960186378441 0
83.505351596942 37.8256665220757 -1.58960186378441 0
83.5110266128631 38.127404617727 -1.58960186378441 0
83.5167016287842 38.4291427133782 -1.58960186378441 0
83.5223766447053 38.7308808090294 -1.58960186378441 0
83.5280516606264 39.0326189046806 -1.58960186378441 0
83.5337266765476 39.3343570003318 -1.58960186378441 0
83.5394016924687 39.6360950959831 -1.58960186378441 0
83.5450767083898 39.9378331916343 -1.58960186378441 0
83.5507517243109 40.2395712872855 -1.58960186378441 0
83.556426740232 40.5413093829367 -1.58960186378441 0
83.5621017561532 40.8430474785879 -1.58960186378441 0
83.5677767720743 41.1447855742391 -1.58960186378441 0
83.5734517879954 41.4465236698904 -1.58960186378441 0
83.5791268039165 41.7482617655416 -1.58960186378441 0
83.5848018198376 42.0499998611928 -1.58960186378441 0
83.5904768357587 42.351737956844 -1.58960186378441 0
83.5961518516799 42.6534760524952 -1.58960186378441 0
83.601826867601 42.9552141481465 -1.58960186378441 0
83.6075018835221 43.2569522437977 -1.58960186378441 0
83.6131768994432 43.5586903394489 -1.58960186378441 0
83.6188519153643 43.8604284351001 -1.58960186378441 0
83.6245269312854 44.1621665307513 -1.58960186378441 0
83.6302019472066 44.4639046264025 -1.58960186378441 0
83.6358769631277 44.7656427220538 -1.58960186378441 0
83.6415519790488 45.067380817705 -1.58960186378441 0
83.6472269949699 45.3691189133562 -1.58960186378441 0
83.652902010891 45.6708570090074 -1.58960186378441 0
83.6585770268121 45.9725951046586 -1.58960186378441 0
83.6642520427333 46.2743332003099 -1.58960186378441 0
83.6699270586544 46.5760712959611 -1.58960186378441 0
83.6756020745755 46.8778093916123 -1.58960186378441 0
83.6812770904966 47.1795474872635 -1.58960186378441 0
83.6869521064177 47.4812855829147 -1.58960186378441 0
83.6926271223388 47.7830236785659 -1.58960186378441 0
83.69830213826 48.0847617742172 -1.58960186378441 0
83.7039771541811 48.3864998698684 -1.58960186378441 0
83.7096521701022 48.6882379655196 -1.58960186378441 0
83.7153271860233 48.9899760611708 -1.58960186378441 0
83.7210022019444 49.291714156822 -1.58960186378441 0
83.7266772178656 49.5934522524733 -1.58960186378441 0
83.7323522337867 49.8951903481245 -1.58960186378441 0
83.7380272497078 50.1969284437757 -1.58960186378441 0
83.7437022656289 50.4986665394269 -1.58960186378441 0
83.74937728155 50.8004046350781 -1.58960186378441 0
83.7550522974711 51.1021427307293 -1.58960186378441 0
83.7607273133923 51.4038808263806 -1.58960186378441 0
83.7664023293134 51.7056189220318 -1.58960186378441 0
83.7720773452345 52.007357017683 -1.58960186378441 0
83.7777523611556 52.3090951133342 -1.58960186378441 0
83.7834273770767 52.6108332089854 -1.58960186378441 0
83.7891023929978 52.9125713046367 -1.58960186378441 0
83.794777408919 53.2143094002879 -1.58960186378441 0
83.8004524248401 53.5160474959391 -1.58960186378441 0
83.8061274407612 53.8177855915903 -1.58960186378441 0
83.8118024566823 54.1195236872415 -1.58960186378441 0
83.8174774726034 54.4212617828927 -1.58960186378441 0
83.8231524885245 54.722999878544 -1.58960186378441 0
83.8288275044457 55.0247379741952 -1.58960186378441 0
83.8345025203668 55.3264760698464 -1.58960186378441 0
83.8401775362879 55.6282141654976 -1.58960186378441 0
83.845852552209 55.9299522611488 -1.58960186378441 0
83.8515275681301 56.2316903568001 -1.58960186378441 0
83.8572025840513 56.5334284524513 -1.58960186378441 0
83.8628775999724 56.8351665481025 -1.58960186378441 0
83.8685526158935 57.1369046437537 -1.58960186378441 0
83.8742276318146 57.4386427394049 -1.58960186378441 0
83.8799026477357 57.7403808350561 -1.58960186378441 0
83.8855776636568 58.0421189307074 -1.58960186378441 0
83.8912526795779 58.3438570263586 -1.58960186378441 0
83.8969276954991 58.6455951220098 -1.58960186378441 0
83.9026027114202 58.947333217661 -1.58960186378441 0
83.9082777273413 59.2490713133122 -1.58960186378441 0
83.9139527432624 59.5508094089634 -1.58960186378441 0
83.9196277591835 59.8525475046147 -1.58960186378441 0
83.9253027751047 60.1542856002659 -1.58960186378441 0
83.9309777910258 60.4560236959171 -1.58960186378441 0
83.9366528069469 60.7577617915683 -1.58960186378441 0
83.942327822868 61.0594998872195 -1.58960186378441 0
83.9480028387891 61.3612379828708 -1.58960186378441 0
83.9536778547102 61.662976078522 -1.58960186378441 0
83.9593528706313 61.9647141741732 -1.58960186378441 0
83.9650278865525 62.2664522698244 -1.58960186378441 0
83.9707029024736 62.5681903654756 -1.58960186378441 0
83.9763779183947 62.8699284611268 -1.58960186378441 0
83.9820529343158 63.1716665567781 -1.58960186378441 0
83.9877279502369 63.4734046524293 -1.58960186378441 0
83.9934029661581 63.7751427480805 -1.58960186378441 0
83.9990779820792 64.0768808437317 -1.58960186378441 0
84.0047529980003 64.3786189393829 -1.58960186378441 0
84.0104280139214 64.6803570350342 -1.58960186378441 0
84.0161030298425 64.9820951306854 -1.58960186378441 0
84.0217780457636 65.2838332263366 -1.58960186378441 0
84.0274530616848 65.5855713219878 -1.58960186378441 0
84.0331280776059 65.887309417639 -1.58960186378441 0
84.038803093527 66.1890475132902 -1.58960186378441 0
84.0444781094481 66.4907856089415 -1.58960186378441 0
84.0501531253692 66.7925237045927 -1.58960186378441 0
84.0558281412903 67.0942618002439 -1.58960186378441 0
84.0615031572115 67.3959998958951 -1.58960186378441 0
84.0671781731326 67.6977379915463 -1.58960186378441 0
84.0728531890537 67.9994760871976 -1.58960186378441 0
84.0785282049748 68.3012141828488 -1.58960186378441 0
84.0842032208959 68.6029522785 -1.58960186378441 0
84.089878236817 68.9046903741512 -1.58960186378441 0
84.0955532527382 69.2064284698024 -1.58960186378441 0
84.1012282686593 69.5081665654536 -1.58960186378441 0
84.1069032845804 69.8099046611049 -1.58960186378441 0
84.1125783005015 70.1116427567561 -1.58960186378441 0
84.1182533164226 70.4133808524073 -1.58960186378441 0
84.1239283323438 70.7151189480585 -1.58960186378441 0
84.1296033482649 71.0168570437097 -1.58960186378441 0
84.135278364186 71.318595139361 -1.58960186378441 0
84.1409533801071 71.6203332350122 -1.58960186378441 0
84.1466283960282 71.9220713306634 -1.58960186378441 0
84.1523034119493 72.2238094263146 -1.58960186378441 0
84.1579784278705 72.5255475219658 -1.58960186378441 0
84.1636534437916 72.8272856176171 -1.58960186378441 0
84.1693284597127 73.1290237132683 -1.58960186378441 0
84.1750034756338 73.4307618089195 -1.58960186378441 0
84.1806784915549 73.7324999045707 -1.58960186378441 0
84.186353507476 74.0342380002219 -1.58960186378441 0
84.1920285233972 74.3359760958731 -1.58960186378441 0
84.1977035393183 74.6377141915244 -1.58960186378441 0
84.2033785552394 74.9394522871756 -1.58960186378441 0
84.2090535711605 75.2411903828268 -1.58960186378441 0
84.2147285870816 75.542928478478 -1.58960186378441 0
84.2204036030027 75.8446665741292 -1.58960186378441 0
84.2260786189239 76.1464046697805 -1.58960186378441 0
84.231753634845 76.4481427654317 -1.58960186378441 0
84.2374286507661 76.7498808610829 -1.58960186378441 0
84.2431036666872 77.0516189567341 -1.58960186378441 0
84.2487786826083 77.3533570523853 -1.58960186378441 0
84.2544536985294 77.6550951480365 -1.58960186378441 0
84.2601287144506 77.9568332436878 -1.58960186378441 0
84.2658037303717 78.258571339339 -1.58960186378441 0
84.2714787462928 78.5603094349902 -1.58960186378441 0
84.2771537622139 78.8620475306414 -1.58960186378441 0
84.282828778135 79.1637856262927 -1.58960186378441 0
84.2885037940562 79.4655237219439 -1.58960186378441 0
84.2941788099773 79.7672618175951 -1.58960186378441 0
84.2998538258984 80.0689999132463 -1.58960186378441 0
84.3055288418195 80.3707380088975 -1.58960186378441 0
84.3112038577406 80.6724761045487 -1.58960186378441 0
84.3168788736617 80.9742142002 -1.58960186378441 0
84.3225538895828 81.2759522958512 -1.58960186378441 0
84.328228905504 81.5776903915024 -1.58960186378441 0
84.3339039214251 81.8794284871536 -1.58960186378441 0
84.3395789373462 82.1811665828048 -1.58960186378441 0
84.3452539532673 82.482904678456 -1.58960186378441 0
84.3509289691884 82.7846427741073 -1.58960186378441 0
84.3566039851096 83.0863808697585 -1.58960186378441 0
84.3622790010307 83.3881189654097 -1.58960186378441 0
84.3679540169518 83.6898570610609 -1.58960186378441 0
84.3736290328729 83.9915951567121 -1.58960186378441 0
84.379304048794 84.2933332523633 -1.58960186378441 0
84.3849790647151 84.5950713480146 -1.58960186378441 0
84.3906540806363 84.8968094436658 -1.58960186378441 0
84.3963290965574 85.198547539317 -1.58960186378441 0
84.4020041124785 85.5002856349682 -1.58960186378441 0
84.4076791283996 85.8020237306194 -1.58960186378441 0
84.4133541443207 86.1037618262707 -1.58960186378441 0
84.4190291602418 86.4054999219219 -1.58960186378441 0
84.424704176163 86.7072380175731 -1.58960186378441 0
84.4303791920841 87.0089761132243 -1.58960186378441 0
84.4360542080052 87.3107142088755 -1.58960186378441 0
84.4417292239263 87.6124523045268 -1.58960186378441 0
84.4474042398474 87.914190400178 -1.58960186378441 0
84.4530792557685 88.2159284958292 -1.58960186378441 0
84.4587542716897 88.5176665914804 -1.58960186378441 0
84.4644292876108 88.8194046871316 -1.58960186378441 0
84.4701043035319 89.1211427827828 -1.58960186378441 0
84.475779319453 89.4228808784341 -1.58960186378441 0
84.4814543353741 89.7246189740853 -1.58960186378441 0
84.4871293512953 90.0263570697365 -1.58960186378441 0
84.4928043672164 90.3280951653877 -1.58960186378441 0
84.4984793831375 90.6298332610389 -1.58960186378441 0
84.5041543990586 90.9315713566901 -1.58960186378441 0
84.5098294149797 91.2333094523414 -1.58960186378441 0
84.5155044309008 91.5350475479926 -1.58960186378441 0
84.5211794468219 91.8367856436438 -1.58960186378441 0
84.5268544627431 92.138523739295 -1.58960186378441 0
84.5325294786642 92.4402618349462 -1.58960186378441 0
84.5382044945853 92.7419999305975 -1.58960186378441 0
84.5438795105064 93.0437380262487 -1.58960186378441 0
84.5495545264275 93.3454761218999 -1.58960186378441 0
84.5552295423487 93.6472142175511 -1.58960186378441 0
84.5609045582698 93.9489523132023 -1.58960186378441 0
84.5665795741909 94.2506904088535 -1.58960186378441 0
84.572254590112 94.5524285045048 -1.58960186378441 0
84.5779296060331 94.854166600156 -1.58960186378441 0
84.5836046219542 95.1559046958072 -1.58960186378441 0
84.5892796378754 95.4576427914584 -1.58960186378441 0
84.5949546537965 95.7593808871096 -1.58960186378441 0
84.6006296697176 96.0611189827609 -1.58960186378441 0
84.6063046856387 96.3628570784121 -1.58960186378441 0
84.6119797015598 96.6645951740633 -1.58960186378441 0
84.6176547174809 96.9663332697145 -1.58960186378441 0
84.6233297334021 97.2680713653657 -1.58960186378441 0
84.6290047493232 97.5698094610169 -1.58960186378441 0
84.6346797652443 97.8715475566682 -1.58960186378441 0
84.6403547811654 98.1732856523194 -1.58960186378441 0
84.6460297970865 98.4750237479706 -1.58960186378441 0
84.6517048130076 98.7767618436218 -1.58960186378441 0
84.6573798289288 99.078499939273 -1.58960186378441 0
84.6630548448499 99.3802380349242 -1.58960186378441 0
84.668729860771 99.6819761305755 -1.58960186378441 0
84.6744048766921 99.9837142262267 -1.58960186378441 0
84.6800798926132 100.285452321878 -1.58960186378441 0
84.6857549085343 100.587190417529 -1.58960186378441 0
84.6914299244555 100.88892851318 -1.58960186378441 0
84.7024412226528 101.190501218657 -1.62613624014413 0
84.7248128456557 101.491444392869 -1.66386017240473 0
84.7585186195069 101.791329711666 -1.70158410466533 0
84.8035105833741 102.089730460339 -1.73930803692592 0
84.8489012283807 102.391166605767 -1.70120142128956 0
84.8827749896441 102.694113183108 -1.66309480565321 0
84.9050826845482 102.998130332579 -1.62498819001685 0
84.9157919236931 103.302776639994 -1.58688157438049 0
84.9148871579228 103.607609777667 -1.54877495874414 0
84.9023697009015 103.912187146647 -1.51066834310778 0
84.8782577272062 104.216066519341 -1.47256172747142 0
84.8425862459386 104.518806681607 -1.43445511183507 0
84.7954070498937 104.819968073365 -1.39634849619871 0
84.7367886403599 105.119113426811 -1.35824188056235 0
84.6668161276596 105.415808401307 -1.32013526492599 0
84.585591107574 105.709622214013 -1.28202864928964 0
84.4932315138324 106.000128265358 -1.24392203365328 0
84.4192652905506 106.209375802107 -1.20581541801692 0
84.5334757582598 105.926745249104 -1.16770880238057 0
84.6583708001565 105.648670998347 -1.12960218674421 0
84.7937690763279 105.375556796529 -1.09149557110785 0
84.9394739968117 105.107799188661 -1.0533889554715 0
85.0952740070323 104.845786942306 -1.01528233983514 0
85.2609428949651 104.589900483118 -0.977175724198782 0
85.436240119583 104.340511342484 -0.939069108562425 0
85.6209111601062 104.097981618086 -0.900962492926068 0
85.8146878855515 103.862663448153 -0.862855877289711 0
86.0172889440417 103.634898500184 -0.824749261653354 0
86.2284201713111 103.415017474863 -0.786642646016997 0
86.4477750178141 103.203339625903 -0.74853603038064 0
86.6750349938162 103.000172296511 -0.710429414744283 0
86.9098701318213 102.805810473143 -0.672322799107926 0
87.1519394656646 102.620536357203 -0.634216183471569 0
87.4008915255742 102.444618955303 -0.596109567835212 0
87.6563648484834 102.27831368868 -0.558002952198855 0
87.9179885028533 102.121862022346 -0.519896336562498 0
88.1853826272423 101.975491114489 -0.481789720926141 0
88.4581589818413 101.839413486657 -0.443683105289784 0
88.7359215121746 101.71382671519 -0.405576489653428 0
89.0182669241459 101.598913144349 -0.367469874017071 0
89.3047852695972 101.494839621565 -0.329363258380714 0
89.5950605415276 101.401757255188 -0.291256642744357 0
89.8886712781105 101.319801195083 -0.253150027108 0
90.183891490686 101.243805273039 -0.267211074909144 0
90.4763208523024 101.157728976132 -0.305317690545501 0
90.7652586366242 101.060574371424 -0.343424306181858 0
91.0502853237744 100.952482521422 -0.381530921818215 0
91.3309870725484 100.833610368838 -0.419637537454572 0
91.6069563212857 100.704130508721 -0.457744153090929 0
91.8777923796247 100.564230937856 -0.495850768727286 0
92.1431020102802 100.41411478181 -0.533957384363643 0
92.4025 100.254 -0.572064 0
