55.4314 64.5035 -0.5873 0
55.1789478007211 64.6648067555722 -0.549849517463551 0
54.9206330139286 64.8165481580909 -0.512399034927103 0
54.6568178937501 64.9585114092485 -0.474948552390654 0
54.3878724078421 65.09049742337 -0.437498069854205 0
54.1141737185559 65.2123211066052 -0.400047587317757 0
53.8361056540152 65.3238116165001 -0.362597104781308 0
53.5540581698454 65.4248126015817 -0.325146622244859 0
53.268426802309 65.5151824206214 -0.28769613970841 0
52.9796121136161 65.5947943412692 -0.250245657171962 0
52.6881043127064 65.6639180313761 -0.226772189957386 0
52.3975005931381 65.7367291602444 -0.264222672493835 0
52.1098268157703 65.8203699405427 -0.301673155030283 0
51.8254864070369 65.914723076555 -0.339123637566732 0
51.5448781187402 66.0196562498282 -0.376574120103181 0
51.2683954688508 66.1350223047323 -0.414024602639629 0
50.9964261896486 66.2606594548282 -0.451475085176078 0
50.7293516839762 66.396391509752 -0.488925567712527 0
50.4675464903698 66.5420281223008 -0.526376050248976 0
50.2113777578153 66.6973650553704 -0.563826532785424 0
49.9612047308684 66.862184468372 -0.601277015321873 0
49.7173782458586 67.036255222727 -0.638727497858322 0
49.4802402388853 67.2193332060094 -0.67617798039477 0
49.2501232662956 67.4111616742829 -0.713628462931219 0
49.0273500383153 67.6114716121523 -0.751078945467668 0
48.8122329664885 67.8199821100238 -0.788529428004116 0
48.6050737255593 68.0364007580457 -0.825979910540565 0
48.4061628304109 68.2604240561763 -0.863430393077014 0
48.215779228655 68.4917378398046 -0.900880875613463 0
48.0341899094425 68.7300177203274 -0.938331358149911 0
47.8616495290448 68.9749295400629 -0.97578184068636 0
47.69840005373 69.2261298408658 -1.01323232322281 0
47.7873486161489 69.0737785392085 -1.05068280575926 0
47.93134282087 68.8110664319109 -1.08813328829571 0
48.0653996631851 68.5431471430524 -1.12558377083215 0
48.1893311451672 68.2703963958715 -1.1630342533686 0
48.3029634684384 67.9931966891221 -1.20048473590505 0
48.4061372779008 67.7119367606661 -1.2379352184415 0
48.498964633842 67.4261671811445 -1.27549595788962 0
48.5809953236142 67.1371133167411 -1.31305669733773 0
48.6521136311751 66.8451829193504 -1.35061743678585 0
48.7122192339614 66.5507877986287 -1.38817817623396 0
48.7612273444078 66.2543432410779 -1.42573891568208 0
48.7990688295521 65.956267424224 -1.4632996551302 0
48.8256903085571 65.6569808267182 -1.50086039457831 0
48.8410542280122 65.3569056351911 -1.53842113402643 0
48.8451389149074 65.0564651486984 -1.57598187347454 0
48.8379386072066 64.7560831815964 -1.61354261292266 0
48.8194634619755 64.4561834656917 -1.65110335237077 0
48.7897395410538 64.1571890525063 -1.68866409181889 0
48.7488087742911 63.8595217165031 -1.72622483126701 0
48.696728900399 63.5636013601124 -1.76378557071512 0
48.633573385502 63.2698454213994 -1.80134631016324 0
48.5645851565196 62.9773861787344 -1.80246836040411 0
48.4998591662027 62.6839709611091 -1.76940289767004 0
48.4461178413295 62.3883478216361 -1.73184215822192 0
48.4035156343807 62.0909151022622 -1.69428141877381 0
48.3721126418738 61.7920923744575 -1.65672067932569 0
48.3519531622293 61.492301170498 -1.61915993987758 0
48.343065633282 61.1919643888341 -1.58159920042946 0
48.3387599485622 60.890613400166 -1.58526128582245 0
48.3344006250895 60.5892631219452 -1.58526128582245 0
48.3300413016168 60.2879128437244 -1.58526128582245 0
48.3256819781441 59.9865625655036 -1.58526128582245 0
48.3213226546714 59.6852122872828 -1.58526128582245 0
48.3169633311987 59.383862009062 -1.58526128582245 0
48.3126040077259 59.0825117308413 -1.58526128582245 0
48.3082446842532 58.7811614526205 -1.58526128582245 0
48.3038853607805 58.4798111743997 -1.58526128582245 0
48.2995260373078 58.1784608961789 -1.58526128582245 0
48.2951667138351 57.8771106179581 -1.58526128582245 0
48.2908073903623 57.5757603397374 -1.58526128582245 0
48.2864480668896 57.2744100615166 -1.58526128582245 0
48.2820887434169 56.9730597832958 -1.58526128582245 0
48.2777294199442 56.671709505075 -1.58526128582245 0
48.2733700964715 56.3703592268542 -1.58526128582245 0
48.2690107729987 56.0690089486335 -1.58526128582245 0
48.264651449526 55.7676586704127 -1.58526128582245 0
48.2602921260533 55.4663083921919 -1.58526128582245 0
48.2559328025806 55.1649581139711 -1.58526128582245 0
48.2515734791079 54.8636078357503 -1.58526128582245 0
48.2472141556351 54.5622575575295 -1.58526128582245 0
48.2428548321624 54.2609072793088 -1.58526128582245 0
48.2384955086897 53.959557001088 -1.58526128582245 0
48.234136185217 53.6582067228672 -1.58526128582245 0
48.2297768617443 53.3568564446464 -1.58526128582245 0
48.2254175382715 53.0555061664256 -1.58526128582245 0
48.2210582147988 52.7541558882049 -1.58526128582245 0
48.2166988913261 52.4528056099841 -1.58526128582245 0
48.2123395678534 52.1514553317633 -1.58526128582245 0
48.2079802443807 51.8501050535425 -1.58526128582245 0
48.203620920908 51.5487547753217 -1.58526128582245 0
48.1992615974352 51.247404497101 -1.58526128582245 0
48.1949022739625 50.9460542188802 -1.58526128582245 0
48.1905429504898 50.6447039406594 -1.58526128582245 0
48.1861836270171 50.3433536624386 -1.58526128582245 0
48.1818243035444 50.0420033842178 -1.58526128582245 0
48.1774649800716 49.740653105997 -1.58526128582245 0
48.1731056565989 49.4393028277763 -1.58526128582245 0
48.1687463331262 49.1379525495555 -1.58526128582245 0
48.1643870096535 48.8366022713347 -1.58526128582245 0
48.1600276861808 48.5352519931139 -1.58526128582245 0
48.155668362708 48.2339017148931 -1.58526128582245 0
48.1513090392353 47.9325514366724 -1.58526128582245 0
48.1469497157626 47.6312011584516 -1.58526128582245 0
48.1425903922899 47.3298508802308 -1.58526128582245 0
48.1382310688172 47.02850060201 -1.58526128582245 0
48.1338717453444 46.7271503237892 -1.58526128582245 0
48.1295124218717 46.4258000455685 -1.58526128582245 0
48.125153098399 46.1244497673477 -1.58526128582245 0
48.1207937749263 45.8230994891269 -1.58526128582245 0
48.1164344514536 45.5217492109061 -1.58526128582245 0
48.1120751279808 45.2203989326853 -1.58526128582245 0
48.1077158045081 44.9190486544645 -1.58526128582245 0
48.1033564810354 44.6176983762438 -1.58526128582245 0
48.0989971575627 44.316348098023 -1.58526128582245 0
48.09463783409 44.0149978198022 -1.58526128582245 0
48.0902785106172 43.7136475415814 -1.58526128582245 0
48.0859191871445 43.4122972633606 -1.58526128582245 0
48.0815598636718 43.1109469851399 -1.58526128582245 0
48.0772005401991 42.8095967069191 -1.58526128582245 0
48.0728412167264 42.5082464286983 -1.58526128582245 0
48.0684818932536 42.2068961504775 -1.58526128582245 0
48.0641225697809 41.9055458722567 -1.58526128582245 0
48.0597632463082 41.604195594036 -1.58526128582245 0
48.0554039228355 41.3028453158152 -1.58526128582245 0
48.0510445993628 41.0014950375944 -1.58526128582245 0
48.0466852758901 40.7001447593736 -1.58526128582245 0
48.0423259524173 40.3987944811528 -1.58526128582245 0
48.0379666289446 40.097444202932 -1.58526128582245 0
48.0336073054719 39.7960939247113 -1.58526128582245 0
48.0299464037895 39.494736619971 -1.57204708396778 0
48.0352457988896 39.1934192320454 -1.53437435803175 0
48.0518901963979 38.8925152342549 -1.49670163209572 0
48.0798559768086 38.592451629363 -1.45902890615969 0
48.1191034548213 38.2936542275597 -1.42135618022366 0
48.1695769356574 37.996547042209 -1.38368345428763 0
48.2312047940943 37.7015516881453 -1.34601072835159 0
48.3038995761067 37.4090867833739 -1.30833800241556 0
48.3875581229693 37.1195673550249 -1.27066527647953 0
48.4820617176463 36.8334042504012 -1.2329925505435 0
48.5872762532585 36.5510035539597 -1.19531982460747 0
48.7030524233899 36.27276601105 -1.15764709867144 0
48.8292259339634 35.9990864592302 -1.11997437273541 0
48.9656177363853 35.7303532679664 -1.08230164679938 0
49.1120342816266 35.4669477875102 -1.04462892086335 0
49.2682677948824 35.2092438077379 -1.00695619492732 0
49.434096570418 34.9576070277174 -0.969283468991287 0
49.609285286184 34.7123945367571 -0.931610743055256 0
49.7935853377542 34.4739543076724 -0.893938017119226 0
49.9867351911111 34.2426247029891 -0.856265291183195 0
50.1884607537811 34.0187339947849 -0.818592565247164 0
50.398475763789 33.8025998988488 -0.780919839311133 0
50.6164821958832 33.5945291238219 -0.743247113375102 0
50.8421706844533 33.3948169359572 -0.705574387439072 0
51.0752209625402 33.2037467401172 -0.667901661503041 0
51.3153023163167 33.0215896776036 -0.63022893556701 0
51.5620740543918 32.8486042413898 -0.59255620963098 0
51.815185991275 32.685035909302 -0.554883483694949 0
52.0742789443122 32.5311167956702 -0.517210757758919 0
52.3389852433902 32.3870653219423 -0.479538031822887 0
52.6089292526847 32.2530859067296 -0.441865305886857 0
52.8837279037127 32.1293686757233 -0.404192579950826 0
53.1629912389322 32.0160891918932 -0.366519854014795 0
53.4463229651176 31.9134082063528 -0.328847128078764 0
53.736506231192 31.8205175672814 -0.29075878038954 0
54.0299745324026 31.7385855278488 -0.259075260066103 0
54.324512425163 31.6605236778276 -0.259075260066103 0
54.6190503179234 31.5824618278063 -0.259075260066103 0
54.9135882106839 31.5043999777851 -0.259075260066103 0
55.2081261034443 31.4263381277638 -0.259075260066103 0
55.5026639962047 31.3482762777426 -0.259075260066103 0
55.7972018889652 31.2702144277213 -0.259075260066103 0
56.0917397817256 31.1921525777001 -0.259075260066103 0
56.386277674486 31.1140907276789 -0.259075260066103 0
56.6808155672465 31.0360288776576 -0.259075260066103 0
56.9757633494498 30.9595568756115 -0.238815355891186 0
57.2731231528302 30.8931328884513 -0.200727008201961 0
57.5727966572926 30.8380802821562 -0.162638660512737 0
57.8716808892738 30.7948134333256 -0.12488645914962 0
58.1719851881744 30.7628582710414 -0.0871342577865042 0
58.4731625889093 30.7403970235059 -0.0709872118960051 0
58.774419558118 30.7189756369992 -0.0709872118960051 0
59.0756765273268 30.6975542504924 -0.0709872118960051 0
59.3769334965356 30.6761328639857 -0.0709872118960051 0
59.6781904657443 30.654711477479 -0.0709872118960051 0
59.9794474349531 30.6332900909723 -0.0709872118960051 0
60.2807044041619 30.6118687044655 -0.0709872118960051 0
60.5819613733706 30.5904473179588 -0.0709872118960051 0
60.8832183425794 30.5690259314521 -0.0709872118960051 0
61.1844753117882 30.5476045449454 -0.0709872118960051 0
61.4857322809969 30.5261831584386 -0.0709872118960051 0
61.7869892502057 30.5047617719319 -0.0709872118960051 0
62.0882462194145 30.4833403854252 -0.0709872118960051 0
62.3895031886232 30.4619189989185 -0.0709872118960051 0
62.690760157832 30.4404976124117 -0.0709872118960051 0
62.9920171270407 30.419076225905 -0.0709872118960051 0
63.2932740962495 30.3976548393983 -0.0709872118960051 0
63.5945310654583 30.3762334528916 -0.0709872118960051 0
63.895788034667 30.3548120663848 -0.0709872118960051 0
64.1970450038758 30.3333906798781 -0.0709872118960051 0
64.4983019730846 30.3119692933714 -0.0709872118960051 0
64.7995589422933 30.2905479068647 -0.0709872118960051 0
65.1008159115021 30.2691265203579 -0.0709872118960051 0
65.4020728807109 30.2477051338512 -0.0709872118960051 0
65.7033298499196 30.2262837473445 -0.0709872118960051 0
66.0045868191284 30.2048623608378 -0.0709872118960051 0
66.3058437883372 30.183440974331 -0.0709872118960051 0
66.6071007575459 30.1620195878243 -0.0709872118960051 0
66.9083577267547 30.1405982013176 -0.0709872118960051 0
67.2096146959635 30.1191768148109 -0.0709872118960051 0
67.5108716651722 30.0977554283042 -0.0709872118960051 0
67.812128634381 30.0763340417974 -0.0709872118960051 0
68.1133856035897 30.0549126552907 -0.0709872118960051 0
68.4146425727985 30.033491268784 -0.0709872118960051 0
68.7158995420073 30.0120698822773 -0.0709872118960051 0
69.017156511216 29.9906484957705 -0.0709872118960051 0
69.3184134804248 29.9692271092638 -0.0709872118960051 0
69.6196704496336 29.9478057227571 -0.0709872118960051 0
69.9209457566844 29.9266525883412 -0.0627884520180004 0
70.2158810959782 29.9026261172691 -0.0997796061951865 0
70.5097261073406 29.8677085719088 -0.136770760372373 0
70.802078755123 29.8219477260781 -0.173761914549559 0
71.0925390455131 29.7654061892839 -0.210753068726745 0
71.3807095738019 29.6981613210613 -0.247744222903931 0
71.6661960681089 29.6203051251304 -0.284735377081117 0
71.9486079288206 29.5319441235181 -0.321726531258303 0
72.2275587630046 29.4331992108159 -0.358717685435489 0
72.5026669130688 29.3242054887729 -0.395708839612675 0
72.773592186386 29.2051911150264 -0.428038108461844 0
73.042823233354 29.0823548234039 -0.428038108461844 0
73.312054280322 28.9595185317814 -0.428038108461844 0
73.5812853272901 28.8366822401589 -0.428038108461844 0
73.8505163742581 28.7138459485364 -0.428038108461844 0
74.1197474212261 28.5910096569139 -0.428038108461844 0
74.3889784681941 28.4681733652914 -0.428038108461844 0
74.6582095151621 28.3453370736689 -0.428038108461844 0
74.9274405621302 28.2225007820464 -0.428038108461844 0
75.1966716090982 28.0996644904239 -0.428038108461844 0
75.4659026560662 27.9768281988014 -0.428038108461844 0
75.7351337030342 27.8539919071789 -0.428038108461844 0
76.0043647500022 27.7311556155564 -0.428038108461844 0
76.2718080733097 27.6045105932462 -0.460470897465436 0
76.5344219226113 27.4681357721408 -0.497462051642622 0
76.7966755817987 27.3192612840494 -0.535159731752207 0
77.0531320230838 27.1606085542113 -0.572857411861791 0
77.3034268355079 26.9924030197149 -0.610555091971376 0
77.5472043634593 26.8148836916753 -0.64825277208096 0
77.7841182120405 26.6283028156132 -0.685950452190545 0
78.0138317392774 26.4329255130265 -0.723648132300129 0
78.2360185344695 26.2290294046675 -0.761345812409714 0
78.4503628820018 26.0169042160581 -0.799043492519298 0
78.6565602099606 25.7968513658054 -0.836741172628883 0
78.8562894974721 25.5708901299132 -0.848904820775347 0
79.0555761833436 25.3445360216766 -0.848904820775347 0
79.2548628692151 25.1181819134399 -0.848904820775347 0
79.4541495550866 24.8918278052032 -0.848904820775347 0
79.653436240958 24.6654736969666 -0.848904820775347 0
79.8527229268295 24.4391195887299 -0.848904820775347 0
80.052009612701 24.2127654804932 -0.848904820775347 0
80.2512962985725 23.9864113722566 -0.848904820775347 0
80.4505829844439 23.7600572640199 -0.848904820775347 0
80.6498696703154 23.5337031557832 -0.848904820775347 0
80.8491563561869 23.3073490475466 -0.848904820775347 0
81.0484430420584 23.0809949393099 -0.848904820775347 0
81.2477297279298 22.8546408310733 -0.848904820775347 0
81.4470164138013 22.6282867228366 -0.848904820775347 0
81.6463030996728 22.4019326145999 -0.848904820775347 0
81.8455897855443 22.1755785063633 -0.848904820775347 0
82.0448764714157 21.9492243981266 -0.848904820775347 0
82.2441631572872 21.7228702898899 -0.848904820775347 0
82.4434498431587 21.4965161816533 -0.848904820775347 0
82.6427365290302 21.2701620734166 -0.848904820775347 0
82.8420232149016 21.0438079651799 -0.848904820775347 0
83.0413099007731 20.8174538569433 -0.848904820775347 0
83.2405965866446 20.5910997487066 -0.848904820775347 0
83.4398832725161 20.3647456404699 -0.848904820775347 0
83.6391699583875 20.1383915322333 -0.848904820775347 0
83.838456644259 19.9120374239966 -0.848904820775347 0
84.0377433301305 19.6856833157599 -0.848904820775347 0
84.237030016002 19.4593292075233 -0.848904820775347 0
84.4363167018734 19.2329750992866 -0.848904820775347 0
84.6356033877449 19.0066209910499 -0.848904820775347 0
84.8348900736164 18.7802668828133 -0.848904820775347 0
85.0341767594879 18.5539127745766 -0.848904820775347 0
85.2334634453593 18.3275586663399 -0.848904820775347 0
85.4327501312308 18.1012045581033 -0.848904820775347 0
85.6320368171023 17.8748504498666 -0.848904820775347 0
85.8313235029738 17.64849634163 -0.848904820775347 0
86.0306101888452 17.4221422333933 -0.848904820775347 0
86.2298968747167 17.1957881251566 -0.848904820775347 0
86.4291835605882 16.96943401692 -0.848904820775347 0
86.6284702464597 16.7430799086833 -0.848904820775347 0
86.8277569323311 16.5167258004466 -0.848904820775347 0
87.0270436182026 16.29037169221 -0.848904820775347 0
87.2263303040741 16.0640175839733 -0.848904820775347 0
87.4256169899456 15.8376634757366 -0.848904820775347 0
87.624903675817 15.6113093675 -0.848904820775347 0
87.8241903616885 15.3849552592633 -0.848904820775347 0
88.02347704756 15.1586011510266 -0.848904820775347 0
88.2227637334315 14.93224704279 -0.848904820775347 0
88.4220504193029 14.7058929345533 -0.848904820775347 0
88.6213371051744 14.4795388263166 -0.848904820775347 0
88.8206237910459 14.25318471808 -0.848904820775347 0
89.0199104769174 14.0268306098433 -0.848904820775347 0
89.2191971627888 13.8004765016066 -0.848904820775347 0
89.4184838486603 13.57412239337 -0.848904820775347 0
89.6177705345318 13.3477682851333 -0.848904820775347 0
89.8170572204033 13.1214141768966 -0.848904820775347 0
90.0163439062747 12.89506006866 -0.848904820775347 0
90.2156305921462 12.6687059604233 -0.848904820775347 0
90.4149172780177 12.4423518521866 -0.848904820775347 0
90.6142039638892 12.21599774395 -0.848904820775347 0
90.8134906497606 11.9896436357133 -0.848904820775347 0
91.0127773356321 11.7632895274766 -0.848904820775347 0
91.2120640215036 11.53693541924 -0.848904820775347 0
91.4113507073751 11.3105813110033 -0.848904820775347 0
91.6106373932465 11.0842272027667 -0.848904820775347 0
91.809924079118 10.85787309453 -0.848904820775347 0
92.0092107649895 10.6315189862933 -0.848904820775347 0
92.208497450861 10.4051648780567 -0.848904820775347 0
92.4077841367324 10.17881076982 -0.848904820775347 0
92.6070708226039 9.95245666158333 -0.848904820775347 0
92.8063575084754 9.72610255334666 -0.848904820775347 0
93.0056441943469 9.49974844510999 -0.848904820775347 0
93.2049308802183 9.27339433687333 -0.848904820775347 0
93.4042175660898 9.04704022863667 -0.848904820775347 0
93.6035042519613 8.8206861204 -0.848904820775347 0
93.8028 8.59434 -0.847167 0
