93.8028 8.59434 -0.847167 0
93.6055900005627 8.82241903514788 -0.860059972304618 0
93.408882056758 9.05093401517255 -0.860059972304618 0
93.2121741129533 9.27944899519723 -0.860059972304618 0
93.0154661691486 9.50796397522191 -0.860059972304618 0
92.8187582253438 9.73647895524658 -0.860059972304618 0
92.6220502815391 9.96499393527126 -0.860059972304618 0
92.4253423377343 10.1935089152959 -0.860059972304618 0
92.2286343939296 10.4220238953206 -0.860059972304618 0
92.0319264501249 10.6505388753453 -0.860059972304618 0
91.8352185063202 10.87905385537 -0.860059972304618 0
91.6385105625154 11.1075688353946 -0.860059972304618 0
91.4418026187107 11.3360838154193 -0.860059972304618 0
91.245094674906 11.564598795444 -0.860059972304618 0
91.0483867311012 11.7931137754687 -0.860059972304618 0
90.8516787872965 12.0216287554934 -0.860059972304618 0
90.6549708434918 12.250143735518 -0.860059972304618 0
90.458262899687 12.4786587155427 -0.860059972304618 0
90.2615549558823 12.7071736955674 -0.860059972304618 0
90.0648470120776 12.9356886755921 -0.860059972304618 0
89.8681390682729 13.1642036556167 -0.860059972304618 0
89.6714311244681 13.3927186356414 -0.860059972304618 0
89.4747231806634 13.6212336156661 -0.860059972304618 0
89.2780152368587 13.8497485956908 -0.860059972304618 0
89.0813072930539 14.0782635757154 -0.860059972304618 0
88.8845993492492 14.3067785557401 -0.860059972304618 0
88.6878914054445 14.5352935357648 -0.860059972304618 0
88.4911834616397 14.7638085157895 -0.860059972304618 0
88.294475517835 14.9923234958141 -0.860059972304618 0
88.0977675740303 15.2208384758388 -0.860059972304618 0
87.9010596302255 15.4493534558635 -0.860059972304618 0
87.7043516864208 15.6778684358882 -0.860059972304618 0
87.5076437426161 15.9063834159129 -0.860059972304618 0
87.3109357988114 16.1348983959375 -0.860059972304618 0
87.1142278550066 16.3634133759622 -0.860059972304618 0
86.9175199112019 16.5919283559869 -0.860059972304618 0
86.7208119673972 16.8204433360116 -0.860059972304618 0
86.5241040235924 17.0489583160362 -0.860059972304618 0
86.3273960797877 17.2774732960609 -0.860059972304618 0
86.130688135983 17.5059882760856 -0.860059972304618 0
85.9339801921782 17.7345032561103 -0.860059972304618 0
85.7372722483735 17.9630182361349 -0.860059972304618 0
85.5405643045688 18.1915332161596 -0.860059972304618 0
85.3438563607641 18.4200481961843 -0.860059972304618 0
85.1471484169593 18.648563176209 -0.860059972304618 0
84.9504404731546 18.8770781562337 -0.860059972304618 0
84.7537325293499 19.1055931362583 -0.860059972304618 0
84.5570245855451 19.334108116283 -0.860059972304618 0
84.3603166417404 19.5626230963077 -0.860059972304618 0
84.1636086979357 19.7911380763324 -0.860059972304618 0
83.9669007541309 20.019653056357 -0.860059972304618 0
83.7701928103262 20.2481680363817 -0.860059972304618 0
83.5734848665215 20.4766830164064 -0.860059972304618 0
83.3767769227167 20.7051979964311 -0.860059972304618 0
83.180068978912 20.9337129764557 -0.860059972304618 0
82.9833610351073 21.1622279564804 -0.860059972304618 0
82.7866530913026 21.3907429365051 -0.860059972304618 0
82.5899451474978 21.6192579165298 -0.860059972304618 0
82.3932372036931 21.8477728965545 -0.860059972304618 0
82.1965292598884 22.0762878765791 -0.860059972304618 0
81.9998213160836 22.3048028566038 -0.860059972304618 0
81.8031133722789 22.5333178366285 -0.860059972304618 0
81.6064054284742 22.7618328166532 -0.860059972304618 0
81.4096974846694 22.9903477966778 -0.860059972304618 0
81.2129895408647 23.2188627767025 -0.860059972304618 0
81.01628159706 23.4473777567272 -0.860059972304618 0
80.8195736532552 23.6758927367519 -0.860059972304618 0
80.6228657094505 23.9044077167765 -0.860059972304618 0
80.4261577656458 24.1329226968012 -0.860059972304618 0
80.2294498218411 24.3614376768259 -0.860059972304618 0
80.0327418780363 24.5899526568506 -0.860059972304618 0
79.8360339342316 24.8184676368753 -0.860059972304618 0
79.6393259904269 25.0469826168999 -0.860059972304618 0
79.4426180466221 25.2754975969246 -0.860059972304618 0
79.2417552040084 25.5003452742616 -0.822837396533883 0
79.0325632020258 25.7174651860537 -0.785147645097907 0
78.8153385046416 25.926548376761 -0.74745789366193 0
78.5947960225238 26.123509462629 -0.710494522579337 0
78.3671254978609 26.3121858733557 -0.673531151496744 0
78.1326379593813 26.4923198514463 -0.636567780414151 0
77.891653748776 26.6636653095243 -0.599604409331558 0
77.644502083069 26.82598816652 -0.562641038248964 0
77.3915206048621 26.9790666674573 -0.525677667166371 0
77.1330549210691 27.1226916864005 -0.488714296083778 0
76.8694581307709 27.256667012149 -0.451750925001185 0
76.6013836902156 27.3814600430418 -0.428143463975099 0
76.3323677889439 27.5042324185076 -0.428143463975099 0
76.0633518876722 27.6270047939733 -0.428143463975099 0
75.7943359864005 27.749777169439 -0.428143463975099 0
75.5253200851288 27.8725495449048 -0.428143463975099 0
75.2563041838571 27.9953219203705 -0.428143463975099 0
74.9872882825854 28.1180942958363 -0.428143463975099 0
74.7182723813137 28.240866671302 -0.428143463975099 0
74.449256480042 28.3636390467678 -0.428143463975099 0
74.1802405787703 28.4864114222335 -0.428143463975099 0
73.9112246774986 28.6091837976993 -0.428143463975099 0
73.6422087762269 28.731956173165 -0.428143463975099 0
73.3731928749552 28.8547285486308 -0.428143463975099 0
73.1041769736835 28.9775009240965 -0.428143463975099 0
72.8351610724118 29.1002732995623 -0.428143463975099 0
72.5661451711401 29.223045675028 -0.428143463975099 0
72.2970133227943 29.3455620992407 -0.419762093875881 0
72.0248123319974 29.4610578843332 -0.382798722793288 0
71.7485291313967 29.566415602754 -0.345835351710695 0
71.4685411612107 29.6614913216105 -0.308871980628102 0
71.1852309228739 29.7461551546121 -0.271908609545509 0
70.8989854564885 29.8202914395126 -0.234945238462915 0
70.6101958120754 29.8837988961199 -0.197981867380322 0
70.3192565153465 29.9365907646593 -0.161018496297729 0
70.0212286544935 29.9792585245952 -0.123382940618661 0
69.7218063914916 30.0106822735979 -0.0857473849395935 0
69.4214598723797 30.0316174239581 -0.062264987588709 0
69.1209588798709 30.0503523320879 -0.062264987588709 0
68.8204578873621 30.0690872402178 -0.062264987588709 0
68.5199568948533 30.0878221483476 -0.062264987588709 0
68.2194559023444 30.1065570564775 -0.062264987588709 0
67.9189549098356 30.1252919646073 -0.062264987588709 0
67.6184539173268 30.1440268727372 -0.062264987588709 0
67.317952924818 30.162761780867 -0.062264987588709 0
67.0174519323092 30.1814966889968 -0.062264987588709 0
66.7169509398003 30.2002315971267 -0.062264987588709 0
66.4164499472915 30.2189665052565 -0.062264987588709 0
66.1159489547827 30.2377014133864 -0.062264987588709 0
65.8154479622739 30.2564363215162 -0.062264987588709 0
65.514946969765 30.2751712296461 -0.062264987588709 0
65.2144459772562 30.2939061377759 -0.062264987588709 0
64.9139449847474 30.3126410459058 -0.062264987588709 0
64.6134439922386 30.3313759540356 -0.062264987588709 0
64.3129429997298 30.3501108621655 -0.062264987588709 0
64.0124420072209 30.3688457702953 -0.062264987588709 0
63.7119410147121 30.3875806784251 -0.062264987588709 0
63.4114400222033 30.406315586555 -0.062264987588709 0
63.1109390296945 30.4250504946848 -0.062264987588709 0
62.8104380371856 30.4437854028147 -0.062264987588709 0
62.5099370446768 30.4625203109445 -0.062264987588709 0
62.209436052168 30.4812552190744 -0.062264987588709 0
61.9089350596592 30.4999901272042 -0.062264987588709 0
61.6084340671504 30.5187250353341 -0.062264987588709 0
61.3079330746415 30.5374599434639 -0.062264987588709 0
61.0074320821327 30.5561948515938 -0.062264987588709 0
60.7069310896239 30.5749297597236 -0.062264987588709 0
60.4064300971151 30.5936646678534 -0.062264987588709 0
60.1059291046062 30.6123995759833 -0.062264987588709 0
59.8054281120974 30.6311344841131 -0.062264987588709 0
59.5049271195886 30.649869392243 -0.062264987588709 0
59.2044261270798 30.6686043003728 -0.062264987588709 0
58.903925134571 30.6873392085027 -0.062264987588709 0
58.6034241420621 30.7060741166325 -0.062264987588709 0
58.3029231495533 30.7248090247624 -0.062264987588709 0
58.0024221570445 30.7435439328922 -0.062264987588709 0
57.7019211645357 30.7622788410221 -0.062264987588709 0
57.401436111972 30.7812590941848 -0.0701049925727734 0
57.101558957641 30.8079955092951 -0.107740548251841 0
56.8029001588099 30.8459963706454 -0.145376103930909 0
56.5058826963391 30.8952078588368 -0.183011659609976 0
56.2109272265171 30.9555602772198 -0.220647215289044 0
55.9184514852985 31.0269681506035 -0.258282770968112 0
55.6288696966777 31.1093303463112 -0.295918326647179 0
55.3425919860374 31.2025302174117 -0.333553882326247 0
55.0600237993006 31.306435767922 -0.371189438005315 0
54.7815653287108 31.4208998397497 -0.408824993684382 0
54.5076109460526 31.5457603211077 -0.44646054936345 0
54.2385486441156 31.6808403761083 -0.484096105042517 0
53.9571094319492 31.8288290771887 -0.484096105042516 0
53.6756702197827 31.9768177782691 -0.484096105042516 0
53.3942310076163 32.1248064793495 -0.484096105042516 0
53.1127917954498 32.27279518043 -0.484096105042516 0
52.8313525832833 32.4207838815104 -0.484096105042516 0
52.5499133711169 32.5687725825908 -0.484096105042516 0
52.2684741589504 32.7167612836713 -0.484096105042516 0
51.989593159239 32.8694740847905 -0.520744765209924 0
51.7326880615227 33.0232821337659 -0.558175454028807 0
51.4817187090357 33.1865963379079 -0.59560614284769 0
51.2370366829604 33.3591879115086 -0.633036831666573 0
50.9989847566082 33.540815072259 -0.670467520485456 0
50.7678964152309 33.7312233799605 -0.70789820930434 0
50.5440953888436 33.930146092968 -0.745328898123223 0
50.3278951987137 34.1373045418666 -0.782759586942106 0
50.119598718151 34.3524085198574 -0.820190275760989 0
49.9194977482148 34.5751566893064 -0.857620964579872 0
49.7278726089319 34.805237003886 -0.895051653398755 0
49.544991746598 35.0423271457187 -0.932482342217638 0
49.3711113577133 35.2860949769098 -0.969913031036521 0
49.2064750300791 35.5361990048369 -1.0073437198554 0
49.0513134015566 35.7922888605449 -1.04477440867429 0
48.9058438369685 36.0540057895747 -1.08220509749317 0
48.770270123594 36.3209831545406 -1.11963578631205 0
48.6447821856847 36.5928469487493 -1.15706647513094 0
48.529555818401 36.8692163201435 -1.19449716394982 0
48.4247524415418 37.1497041048351 -1.2319278527687 0
48.3305188734131 37.4339173694798 -1.26935854158759 0
48.2469871251507 37.721457961735 -1.30678923040647 0
48.1742742157871 38.0119230680286 -1.34421991922535 0
48.1124820083203 38.3049057778574 -1.38165060804424 0
48.0616970670145 38.5999956538255 -1.41908129686312 0
48.0219905361332 38.8967793066227 -1.456511985682 0
47.9934180402732 39.194840974139 -1.49394267450089 0
47.976019606441 39.4937631039027 -1.53137336331977 0
47.9696413488111 39.7931257895257 -1.56212829210463 0
47.967045777241 40.0925600507541 -1.56212829210463 0
47.964450205671 40.3919943119826 -1.56212829210463 0
47.9618546341009 40.691428573211 -1.56212829210463 0
47.9592590625309 40.9908628344394 -1.56212829210463 0
47.9566634909608 41.2902970956678 -1.56212829210463 0
47.9540679193908 41.5897313568963 -1.56212829210463 0
47.9514723478208 41.8891656181247 -1.56212829210463 0
47.9488767762507 42.1885998793531 -1.56212829210463 0
47.9462812046807 42.4880341405815 -1.56212829210463 0
47.9436856331106 42.78746840181 -1.56212829210463 0
47.9410900615406 43.0869026630384 -1.56212829210463 0
47.9384944899705 43.3863369242668 -1.56212829210463 0
47.9358989184005 43.6857711854952 -1.56212829210463 0
47.9333033468304 43.9852054467237 -1.56212829210463 0
47.9307077752604 44.2846397079521 -1.56212829210463 0
47.9281122036903 44.5840739691805 -1.56212829210463 0
47.9255166321203 44.8835082304089 -1.56212829210463 0
47.9229210605502 45.1829424916374 -1.56212829210463 0
47.9203254889802 45.4823767528658 -1.56212829210463 0
47.9177299174101 45.7818110140942 -1.56212829210463 0
47.9151343458401 46.0812452753226 -1.56212829210463 0
47.91253877427 46.3806795365511 -1.56212829210463 0
47.9099432027 46.6801137977795 -1.56212829210463 0
47.90734763113 46.9795480590079 -1.56212829210463 0
47.9047520595599 47.2789823202363 -1.56212829210463 0
47.9021564879899 47.5784165814648 -1.56212829210463 0
47.8995609164198 47.8778508426932 -1.56212829210463 0
47.8969653448498 48.1772851039216 -1.56212829210463 0
47.8943697732797 48.47671936515 -1.56212829210463 0
47.8917742017097 48.7761536263785 -1.56212829210463 0
47.8891786301396 49.0755878876069 -1.56212829210463 0
47.8865830585696 49.3750221488353 -1.56212829210463 0
47.8839874869995 49.6744564100637 -1.56212829210463 0
47.8813919154295 49.9738906712922 -1.56212829210463 0
47.8787963438594 50.2733249325206 -1.56212829210463 0
47.8762007722894 50.572759193749 -1.56212829210463 0
47.8736052007193 50.8721934549774 -1.56212829210463 0
47.8710096291493 51.1716277162059 -1.56212829210463 0
47.8684140575792 51.4710619774343 -1.56212829210463 0
47.8658184860092 51.7704962386627 -1.56212829210463 0
47.8632229144391 52.0699304998911 -1.56212829210463 0
47.8606273428691 52.3693647611196 -1.56212829210463 0
47.8580317712991 52.668799022348 -1.56212829210463 0
47.855436199729 52.9682332835764 -1.56212829210463 0
47.852840628159 53.2676675448048 -1.56212829210463 0
47.8502450565889 53.5671018060333 -1.56212829210463 0
47.8476494850189 53.8665360672617 -1.56212829210463 0
47.8450539134488 54.1659703284901 -1.56212829210463 0
47.8424583418788 54.4654045897185 -1.56212829210463 0
47.8398627703087 54.764838850947 -1.56212829210463 0
47.8372671987387 55.0642731121754 -1.56212829210463 0
47.8346716271686 55.3637073734038 -1.56212829210463 0
47.8320760555986 55.6631416346322 -1.56212829210463 0
47.8294804840285 55.9625758958607 -1.56212829210463 0
47.8268849124585 56.2620101570891 -1.56212829210463 0
47.8242893408884 56.5614444183175 -1.56212829210463 0
47.8216937693184 56.8608786795459 -1.56212829210463 0
47.8190981977483 57.1603129407744 -1.56212829210463 0
47.8165026261783 57.4597472020028 -1.56212829210463 0
47.8139070546083 57.7591814632312 -1.56212829210463 0
47.8113114830382 58.0586157244596 -1.56212829210463 0
47.8087159114682 58.3580499856881 -1.56212829210463 0
47.8061203398981 58.6574842469165 -1.56212829210463 0
47.8035247683281 58.9569185081449 -1.56212829210463 0
47.800929196758 59.2563527693734 -1.56212829210463 0
47.798333625188 59.5557870306018 -1.56212829210463 0
47.7957380536179 59.8552212918302 -1.56212829210463 0
47.7931424820479 60.1546555530586 -1.56212829210463 0
47.7905469104778 60.454089814287 -1.56212829210463 0
47.7879513389078 60.7535240755155 -1.56212829210463 0
47.7853557673377 61.0529583367439 -1.56212829210463 0
47.7827601957677 61.3523925979723 -1.56212829210463 0
47.7801646241976 61.6518268592007 -1.56212829210463 0
47.7775690526276 61.9512611204292 -1.56212829210463 0
47.7749734810575 62.2506953816576 -1.56212829210463 0
47.7723779094875 62.550129642886 -1.56212829210463 0
47.7697823379174 62.8495639041144 -1.56212829210463 0
47.7671867663474 63.1489981653429 -1.56212829210463 0
47.7645911947774 63.4484324265713 -1.56212829210463 0
47.7619956232073 63.7478666877997 -1.56212829210463 0
47.7594000516373 64.0473009490281 -1.56212829210463 0
47.7568044800672 64.3467352102566 -1.56212829210463 0
47.7542089084972 64.646169471485 -1.56212829210463 0
47.7516133369271 64.9456037327134 -1.56212829210463 0
47.7490177653571 65.2450379939418 -1.56212829210463 0
47.746422193787 65.5444722551703 -1.56212829210463 0
47.743826622217 65.8439065163987 -1.56212829210463 0
47.7412310506469 66.1433407776271 -1.56212829210463 0
47.7386354790769 66.4427750388556 -1.56212829210463 0
47.7360399075068 66.742209300084 -1.56212829210463 0
47.7334443359368 67.0416435613124 -1.56212829210463 0
47.7308487643667 67.3410778225408 -1.56212829210463 0
47.7282531927967 67.6405120837693 -1.56212829210463 0
47.7256576212266 67.9399463449977 -1.56212829210463 0
47.7230620496566 68.2393806062261 -1.56212829210463 0
47.7204664780865 68.5388148674545 -1.56212829210463 0
47.7178709065165 68.8382491286829 -1.56212829210463 0
47.7152753349465 69.1376833899114 -1.56212829210463 0
47.7126797633764 69.4371176511398 -1.56212829210463 0
47.7100841918064 69.7365519123682 -1.56212829210463 0
47.7074886202363 70.0359861735967 -1.56212829210463 0
47.7048930486663 70.3354204348251 -1.56212829210463 0
47.7022974770962 70.6348546960535 -1.56212829210463 0
47.6997019055262 70.9342889572819 -1.56212829210463 0
47.6971063339561 71.2337232185103 -1.56212829210463 0
47.6945107623861 71.5331574797388 -1.56212829210463 0
47.691915190816 71.8325917409672 -1.56212829210463 0
47.689319619246 72.1320260021956 -1.56212829210463 0
47.6867240476759 72.4314602634241 -1.56212829210463 0
47.6841284761059 72.7308945246525 -1.56212829210463 0
47.6815329045358 73.0303287858809 -1.56212829210463 0
47.6789373329658 73.3297630471093 -1.56212829210463 0
47.6763417613957 73.6291973083378 -1.56212829210463 0
47.6737461898257 73.9286315695662 -1.56212829210463 0
47.6711506182557 74.2280658307946 -1.56212829210463 0
47.6685550466856 74.527500092023 -1.56212829210463 0
47.6659594751156 74.8269343532515 -1.56212829210463 0
47.6633639035455 75.1263686144799 -1.56212829210463 0
47.6607683319755 75.4258028757083 -1.56212829210463 0
47.6581727604054 75.7252371369367 -1.56212829210463 0
47.6555771888354 76.0246713981652 -1.56212829210463 0
47.6529816172653 76.3241056593936 -1.56212829210463 0
47.6503860456953 76.623539920622 -1.56212829210463 0
47.6477904741252 76.9229741818504 -1.56212829210463 0
47.6451949025552 77.2224084430789 -1.56212829210463 0
47.6425993309851 77.5218427043073 -1.56212829210463 0
47.6400037594151 77.8212769655357 -1.56212829210463 0
47.637408187845 78.1207112267641 -1.56212829210463 0
47.634812616275 78.4201454879926 -1.56212829210463 0
47.6322170447049 78.719579749221 -1.56212829210463 0
47.6296214731349 79.0190140104494 -1.56212829210463 0
47.6270259015648 79.3184482716778 -1.56212829210463 0
47.6244303299948 79.6178825329063 -1.56212829210463 0
47.6218347584248 79.9173167941347 -1.56212829210463 0
47.6192391868547 80.2167510553631 -1.56212829210463 0
47.6166436152847 80.5161853165915 -1.56212829210463 0
47.6140480437146 80.8156195778199 -1.56212829210463 0
47.6114524721446 81.1150538390484 -1.56212829210463 0
47.6088569005745 81.4144881002768 -1.56212829210463 0
47.6062613290045 81.7139223615052 -1.56212829210463 0
47.6036657574344 82.0133566227337 -1.56212829210463 0
47.6010701858644 82.3127908839621 -1.56212829210463 0
47.5984746142943 82.6122251451905 -1.56212829210463 0
47.5958790427243 82.9116594064189 -1.56212829210463 0
47.5932834711542 83.2110936676474 -1.56212829210463 0
47.5906878995842 83.5105279288758 -1.56212829210463 0
47.5880923280141 83.8099621901042 -1.56212829210463 0
47.5854967564441 84.1093964513326 -1.56212829210463 0
47.582901184874 84.4088307125611 -1.56212829210463 0
47.580305613304 84.7082649737895 -1.56212829210463 0
47.577710041734 85.0076992350179 -1.56212829210463 0
47.5751144701639 85.3071334962463 -1.56212829210463 0
47.5725188985939 85.6065677574748 -1.56212829210463 0
47.5699233270238 85.9060020187032 -1.56212829210463 0
47.5673277554538 86.2054362799316 -1.56212829210463 0
47.5647321838837 86.50487054116 -1.56212829210463 0
47.5621366123137 86.8043048023885 -1.56212829210463 0
47.5595410407436 87.1037390636169 -1.56212829210463 0
47.5569454691736 87.4031733248453 -1.56212829210463 0
47.5543498976035 87.7026075860737 -1.56212829210463 0
47.5517543260335 88.0020418473022 -1.56212829210463 0
47.5491587544634 88.3014761085306 -1.56212829210463 0
47.5465631828934 88.600910369759 -1.56212829210463 0
47.5439676113233 88.9003446309874 -1.56212829210463 0
47.5413720397533 89.1997788922158 -1.56212829210463 0
47.5387764681832 89.4992131534443 -1.56212829210463 0
47.5361808966132 89.7986474146727 -1.56212829210463 0
47.5335853250431 90.0980816759011 -1.56212829210463 0
47.5309897534731 90.3975159371296 -1.56212829210463 0
47.5283941819031 90.696950198358 -1.56212829210463 0
47.525798610333 90.9963844595864 -1.56212829210463 0
47.523203038763 91.2958187208148 -1.56212829210463 0
47.5206074671929 91.5952529820433 -1.56212829210463 0
47.5180118956229 91.8946872432717 -1.56212829210463 0
47.5154163240528 92.1941215045001 -1.56212829210463 0
47.5128207524828 92.4935557657285 -1.56212829210463 0
47.5102251809127 92.792990026957 -1.56212829210463 0
47.5076296093427 93.0924242881854 -1.56212829210463 0
47.5050340377726 93.3918585494138 -1.56212829210463 0
47.5024384662026 93.6912928106422 -1.56212829210463 0
47.4998428946325 93.9907270718707 -1.56212829210463 0
47.4972473230625 94.2901613330991 -1.56212829210463 0
47.4946517514924 94.5895955943275 -1.56212829210463 0
47.4920561799224 94.8890298555559 -1.56212829210463 0
47.4894606083523 95.1884641167844 -1.56212829210463 0
47.4868650367823 95.4878983780128 -1.56212829210463 0
47.4842694652123 95.7873326392412 -1.56212829210463 0
47.4816738936422 96.0867669004696 -1.56212829210463 0
47.4790783220722 96.3862011616981 -1.56212829210463 0
47.4764827505021 96.6856354229265 -1.56212829210463 0
47.4738871789321 96.9850696841549 -1.56212829210463 0
47.471291607362 97.2845039453833 -1.56212829210463 0
47.468696035792 97.5839382066117 -1.56212829210463 0
47.4661004642219 97.8833724678402 -1.56212829210463 0
47.4635048926519 98.1828067290686 -1.56212829210463 0
47.4609093210818 98.482240990297 -1.56212829210463 0
47.4583137495118 98.7816752515255 -1.56212829210463 0
47.4557181779417 99.0811095127539 -1.56212829210463 0
47.4531226063717 99.3805437739823 -1.56212829210463 0
47.4505270348016 99.6799780352108 -1.56212829210463 0
47.4479314632316 99.9794122964392 -1.56212829210463 0
47.4453358916615 100.278846557668 -1.56212829210463 0
47.4427403200915 100.578280818896 -1.56212829210463 0
47.4401447485214 100.877715080124 -1.56212829210463 0
47.4375491769514 101.177149341353 -1.56212829210463 0
47.4349536053814 101.476583602581 -1.56212829210463 0
47.4323580338113 101.77601786381 -1.56212829210463 0
47.4297624622413 102.075452125038 -1.56212829210463 0
47.4271668906712 102.374886386267 -1.56212829210463 0
47.4245713191012 102.674320647495 -1.56212829210463 0
47.4219757475311 102.973754908723 -1.56212829210463 0
47.4193801759611 103.273189169952 -1.56212829210463 0
47.416784604391 103.57262343118 -1.56212829210463 0
47.414189032821 103.872057692409 -1.56212829210463 0
47.4115934612509 104.171491953637 -1.56212829210463 0
47.4089978896809 104.470926214866 -1.56212829210463 0
47.4064023181108 104.770360476094 -1.56212829210463 0
47.4038067465408 105.069794737322 -1.56212829210463 0
47.4012111749707 105.369228998551 -1.56212829210463 0
47.3986156034007 105.668663259779 -1.56212829210463 0
47.3960200318306 105.968097521008 -1.56212829210463 0
47.3934244602606 106.267531782236 -1.56212829210463 0
47.3908288886905 106.566966043465 -1.56212829210463 0
47.3882333171205 106.866400304693 -1.56212829210463 0
47.3856377455505 107.165834565921 -1.56212829210463 0
47.3811348554908 107.46523840791 -1.54029033021667 0
47.3664025567616 107.764303792962 -1.50285964139778 0
47.3404889676278 108.062608387396 -1.4654289525789 0
47.3034303902521 108.359734298426 -1.42799826376002 0
47.2552787397322 108.655265284474 -1.39056757494113 0
47.1961014713731 108.948787338282 -1.35313688612225 0
47.1370937652994 109.241379095598 -1.39044937206115 0
47.0890419231462 109.535968413617 -1.42776185800004 0
47.0520128359653 109.832145206306 -1.46507434393893 0
47.0260580504712 110.129497177773 -1.50238682987783 0
47.0112136972849 110.427610396205 -1.53969931581672 0
47.007500440638 110.726069870087 -1.57701180175562 0
47.0149233941931 111.024460128307 -1.61415775486499 0
47.0222967112858 111.322851616155 -1.57684526892609 0
47.01853375139 111.62131046752 -1.5395327829872 0
47.003639752772 111.919421209746 -1.5022202970483 0
46.9776354487728 112.216768854766 -1.46490781110941 0
46.9405570389463 112.512939476789 -1.42759532517051 0
46.892456138667 112.807520788514 -1.39028283923162 0
46.8333997072784 113.100102715053 -1.35297035329273 0
46.763469954882 113.390277964781 -1.31565786735383 0
46.8071156939134 113.242422210441 -1.27834538141494 0
46.8984850482691 112.958268225937 -1.24103289547604 0
47.0003908383619 112.677720447883 -1.20372040953715 0
47.1126912052082 112.401169415646 -1.16640792359826 0
47.2352298199493 112.129000104881 -1.12909543765936 0
47.3678361014699 111.861591391622 -1.09178295172047 0
47.5103254538578 111.599315524869 -1.05447046578157 0
47.662499523372 111.342537608387 -1.01715797984268 0
47.8216701804364 111.090021692168 -1.01821696261617 0
47.9735722412839 110.833082769979 -1.05552944855506 0
48.1157837682019 110.570656156548 -1.09284193449396 0
48.2481067941994 110.30310716549 -1.13015442043285 0
48.1088987766305 110.583916962424 -1.09097423141628 0
48.0984032276302 110.609517014337 -1.05179404239971 0
48.2591659206341 110.340466144151 -1.01261385338314 0
48.4303440041898 110.077918857134 -0.973433664366576 0
48.6116747386237 109.822278134714 -0.934253475350008 0
48.8028798010512 109.573936357496 -0.895073286333439 0
49.0036657125722 109.333274703001 -0.85589309731687 0
49.2137242887287 109.100662560599 -0.816712908300302 0
49.432733112535 108.876456964539 -0.777532719283733 0
49.6603560293519 108.661002045938 -0.738352530267164 0
49.8962436628478 108.454628504578 -0.699172341250595 0
50.1400339512532 108.257653101319 -0.659992152234027 0
50.3913527030859 108.070378171905 -0.620811963217458 0
50.6498141714938 107.893091162911 -0.581631774200889 0
50.9150216463349 107.726064190544 -0.542451585184321 0
51.1865680630834 107.569553622975 -0.503271396167752 0
51.4640366276298 107.423799686842 -0.464091207151183 0
51.747001456014 107.289026098528 -0.424911018134615 0
52.0350282281109 107.165439720778 -0.385730829118046 0
52.3276748542642 107.053230245195 -0.346550640101478 0
52.6244921538461 106.952569901073 -0.307370451084909 0
52.9250245447003 106.863613191056 -0.26819026206834 0
53.2262516645828 106.777030289199 -0.299035676884019 0
53.5238976260294 106.678847317945 -0.338215865900588 0
53.8174693172002 106.569080855158 -0.377396054917157 0
54.1065161375934 106.447899380376 -0.416576243933725 0
54.39059443189 106.315488893937 -0.455756432950294 0
54.6692681709164 106.172052631483 -0.494936621966863 0
54.9421096209012 106.017810752021 -0.534116810983431 0
55.2087 105.853 -0.573297 0
