54.9118 85.1411 -0.574586 0
54.6583704967341 85.2985568577585 -0.537288736498331 0
54.3992458957002 85.4464541745694 -0.499991472996662 0
54.1347866196836 85.5845862364145 -0.462694209494993 0
53.8653605116003 85.7127609120094 -0.425396945993324 0
53.591342322855 85.830799920043 -0.388099682491655 0
53.3131131920908 85.938539077154 -0.350802418989986 0
53.0310601150534 86.0358285262969 -0.313505155488317 0
52.7455754063096 86.1225329451825 -0.276207891986648 0
52.4570561535673 86.1985317345006 -0.238910628484979 0
52.1659212387084 86.2638037479153 -0.208184857813299 0
51.8752034128993 86.3309030842579 -0.245482121314968 0
51.5871898118215 86.4087962211508 -0.282779384816637 0
51.3022810406814 86.4973748151127 -0.320076648318306 0
51.0208733861011 86.5965156599972 -0.357373911819974 0
50.7433582649134 86.706080858363 -0.394671175321643 0
50.4701216797305 86.8259180132792 -0.431968438823312 0
50.2015436820438 86.9558604402975 -0.469265702324981 0
49.9379978436005 87.095727399298 -0.50656296582665 0
49.6798507367938 87.2453243458849 -0.543860229328319 0
49.4274614247881 87.4044432019834 -0.581157492829988 0
49.1811809620894 87.5728626452602 -0.618454756331657 0
48.9413519062546 87.7503484169666 -0.655752019833326 0
48.7083078414203 87.9366536477743 -0.693049283334995 0
48.482372914312 88.1315192011524 -0.730346546836664 0
48.2638613833805 88.3346740338067 -0.767643810338333 0
48.0530771816923 88.5458355726803 -0.804941073840002 0
47.8503134941814 88.7647101079917 -0.842238337341671 0
47.6558523498512 88.9909932017627 -0.87953560084334 0
47.4699642294934 89.2243701112689 -0.916832864345009 0
47.2929076894698 89.4645162268229 -0.954130127846678 0
47.3882962491255 89.3211958322083 -0.991427391348347 0
47.5469634381917 89.0685223308381 -1.02872465485002 0
47.6960984348353 88.8101080743488 -1.06602191835168 0
47.8354938035191 88.5463124974899 -1.10331918185335 0
47.9649556557939 88.2775025200219 -1.14061644535502 0
48.084303919983 88.0040520363583 -1.17791370885669 0
48.1933725916484 87.7263413955072 -1.21521097235836 0
48.2920099644903 87.4447568720339 -1.25250823586003 0
48.380078841359 87.1596901287826 -1.2898054993617 0
48.4574567250861 86.8715376721026 -1.32710276286337 0
48.5240359888688 86.580700300338 -1.36440002636504 0
48.5797240259704 86.2875825463473 -1.40169728986671 0
48.6244433785294 85.9925921148287 -1.43899455336837 0
48.6581318452978 85.6961393152339 -1.47629181687004 0
48.680742568158 85.3986364910582 -1.51358908037171 0
48.692244097299 85.1004974463018 -1.55088634387338 0
48.6926204349609 84.8021368699001 -1.58818360737505 0
48.6818710576864 84.503969758922 -1.62548087087672 0
48.6600109170489 84.2064108413408 -1.66277813437839 0
48.627070418856 83.9098739991785 -1.70007539788006 0
48.5857258260995 83.6143785978643 -1.70090535482129 0
48.5525392264695 83.3178691970254 -1.66360809131962 0
48.5304321323002 83.0203285249011 -1.62631082781795 0
48.5193808114041 82.7191487762928 -1.58863579519385 0
48.5153502381823 82.4177755973973 -1.58386785582709 0
48.511410588114 82.1164010853962 -1.58386785582709 0
48.5074709380457 81.8150265733951 -1.58386785582709 0
48.5035312879773 81.513652061394 -1.58386785582709 0
48.499591637909 81.2122775493929 -1.58386785582709 0
48.4956519878406 80.9109030373918 -1.58386785582709 0
48.4917123377723 80.6095285253908 -1.58386785582709 0
48.4877726877039 80.3081540133897 -1.58386785582709 0
48.4838330376356 80.0067795013886 -1.58386785582709 0
48.4798933875673 79.7054049893875 -1.58386785582709 0
48.4759537374989 79.4040304773864 -1.58386785582709 0
48.4720140874306 79.1026559653854 -1.58386785582709 0
48.4680744373622 78.8012814533843 -1.58386785582709 0
48.4641347872939 78.4999069413832 -1.58386785582709 0
48.4601951372255 78.1985324293821 -1.58386785582709 0
48.4562554871572 77.8971579173811 -1.58386785582709 0
48.4523158370889 77.59578340538 -1.58386785582709 0
48.4483761870205 77.2944088933789 -1.58386785582709 0
48.4444365369522 76.9930343813778 -1.58386785582709 0
48.4404968868838 76.6916598693767 -1.58386785582709 0
48.4365572368155 76.3902853573756 -1.58386785582709 0
48.4326175867471 76.0889108453746 -1.58386785582709 0
48.4286779366788 75.7875363333735 -1.58386785582709 0
48.4247382866105 75.4861618213724 -1.58386785582709 0
48.4207986365421 75.1847873093713 -1.58386785582709 0
48.4168589864738 74.8834127973702 -1.58386785582709 0
48.4129193364054 74.5820382853692 -1.58386785582709 0
48.4089796863371 74.2806637733681 -1.58386785582709 0
48.4050400362688 73.979289261367 -1.58386785582709 0
48.4011003862004 73.6779147493659 -1.58386785582709 0
48.3971607361321 73.3765402373648 -1.58386785582709 0
48.3932210860637 73.0751657253638 -1.58386785582709 0
48.3892814359954 72.7737912133627 -1.58386785582709 0
48.385341785927 72.4724167013616 -1.58386785582709 0
48.3814021358587 72.1710421893605 -1.58386785582709 0
48.3774624857904 71.8696676773594 -1.58386785582709 0
48.373522835722 71.5682931653584 -1.58386785582709 0
48.3695831856537 71.2669186533573 -1.58386785582709 0
48.3656435355853 70.9655441413562 -1.58386785582709 0
48.361703885517 70.6641696293551 -1.58386785582709 0
48.3577642354486 70.362795117354 -1.58386785582709 0
48.3538245853803 70.061420605353 -1.58386785582709 0
48.349884935312 69.7600460933519 -1.58386785582709 0
48.3459452852436 69.4586715813508 -1.58386785582709 0
48.3420056351753 69.1572970693497 -1.58386785582709 0
48.3380659851069 68.8559225573486 -1.58386785582709 0
48.3341263350386 68.5545480453476 -1.58386785582709 0
48.3301866849702 68.2531735333465 -1.58386785582709 0
48.3262470349019 67.9517990213454 -1.58386785582709 0
48.3223073848336 67.6504245093443 -1.58386785582709 0
48.3183677347652 67.3490499973432 -1.58386785582709 0
48.3144280846969 67.0476754853422 -1.58386785582709 0
48.3104884346285 66.7463009733411 -1.58386785582709 0
48.3065487845602 66.44492646134 -1.58386785582709 0
48.3026091344918 66.1435519493389 -1.58386785582709 0
48.2986694844235 65.8421774373378 -1.58386785582709 0
48.2947298343552 65.5408029253367 -1.58386785582709 0
48.2907901842868 65.2394284133357 -1.58386785582709 0
48.2868505342185 64.9380539013346 -1.58386785582709 0
48.2829108841501 64.6366793893335 -1.58386785582709 0
48.2789712340818 64.3353048773324 -1.58386785582709 0
48.2750315840134 64.0339303653314 -1.58386785582709 0
48.2710919339451 63.7325558533303 -1.58386785582709 0
48.2671522838768 63.4311813413292 -1.58386785582709 0
48.2632126338084 63.1298068293281 -1.58386785582709 0
48.2592729837401 62.828432317327 -1.58386785582709 0
48.2553333336717 62.527057805326 -1.58386785582709 0
48.2513936836034 62.2256832933249 -1.58386785582709 0
48.247454033535 61.9243087813238 -1.58386785582709 0
48.2435143834667 61.6229342693227 -1.58386785582709 0
48.2395747333984 61.3215597573216 -1.58386785582709 0
48.23563508333 61.0201852453205 -1.58386785582709 0
48.2316954332617 60.7188107333195 -1.58386785582709 0
48.2277557831933 60.4174362213184 -1.58386785582709 0
48.223816133125 60.1160617093173 -1.58386785582709 0
48.2198764830566 59.8146871973162 -1.58386785582709 0
48.2159368329883 59.5133126853151 -1.58386785582709 0
48.21199718292 59.2119381733141 -1.58386785582709 0
48.2080575328516 58.910563661313 -1.58386785582709 0
48.2041178827833 58.6091891493119 -1.58386785582709 0
48.2001782327149 58.3078146373108 -1.58386785582709 0
48.1962385826466 58.0064401253098 -1.58386785582709 0
48.1922989325782 57.7050656133087 -1.58386785582709 0
48.1883592825099 57.4036911013076 -1.58386785582709 0
48.1844196324416 57.1023165893065 -1.58386785582709 0
48.1804799823732 56.8009420773054 -1.58386785582709 0
48.1765403323049 56.4995675653043 -1.58386785582709 0
48.1726006822365 56.1981930533033 -1.58386785582709 0
48.1686610321682 55.8968185413022 -1.58386785582709 0
48.1647213820998 55.5954440293011 -1.58386785582709 0
48.1607817320315 55.2940695173 -1.58386785582709 0
48.1568420819632 54.9926950052989 -1.58386785582709 0
48.1529024318948 54.6913204932979 -1.58386785582709 0
48.1489627818265 54.3899459812968 -1.58386785582709 0
48.1450231317581 54.0885714692957 -1.58386785582709 0
48.1410834816898 53.7871969572946 -1.58386785582709 0
48.1371438316215 53.4858224452936 -1.58386785582709 0
48.1332041815531 53.1844479332925 -1.58386785582709 0
48.1292645314848 52.8830734212914 -1.58386785582709 0
48.1253248814164 52.5816989092903 -1.58386785582709 0
48.1213852313481 52.2803243972892 -1.58386785582709 0
48.1174455812797 51.9789498852881 -1.58386785582709 0
48.1135059312114 51.6775753732871 -1.58386785582709 0
48.1095662811431 51.376200861286 -1.58386785582709 0
48.1056266310747 51.0748263492849 -1.58386785582709 0
48.1016869810064 50.7734518372838 -1.58386785582709 0
48.097747330938 50.4720773252827 -1.58386785582709 0
48.0938076808697 50.1707028132817 -1.58386785582709 0
48.0898680308013 49.8693283012806 -1.58386785582709 0
48.085928380733 49.5679537892795 -1.58386785582709 0
48.0819887306647 49.2665792772784 -1.58386785582709 0
48.0780490805963 48.9652047652773 -1.58386785582709 0
48.074109430528 48.6638302532763 -1.58386785582709 0
48.0701697804596 48.3624557412752 -1.58386785582709 0
48.0662301303913 48.0610812292741 -1.58386785582709 0
48.0622904803229 47.759706717273 -1.58386785582709 0
48.0583508302546 47.4583322052719 -1.58386785582709 0
48.0544111801863 47.1569576932709 -1.58386785582709 0
48.0504715301179 46.8555831812698 -1.58386785582709 0
48.0465318800496 46.5542086692687 -1.58386785582709 0
48.0425922299812 46.2528341572676 -1.58386785582709 0
48.0386525799129 45.9514596452665 -1.58386785582709 0
48.0347129298445 45.6500851332655 -1.58386785582709 0
48.0307732797762 45.3487106212644 -1.58386785582709 0
48.0268336297079 45.0473361092633 -1.58386785582709 0
48.0228939796395 44.7459615972622 -1.58386785582709 0
48.0189543295712 44.4445870852611 -1.58386785582709 0
48.0150146795028 44.1432125732601 -1.58386785582709 0
48.0110750294345 43.841838061259 -1.58386785582709 0
48.0071353793661 43.5404635492579 -1.58386785582709 0
48.0031957292978 43.2390890372568 -1.58386785582709 0
47.9992560792295 42.9377145252557 -1.58386785582709 0
47.9953164291611 42.6363400132547 -1.58386785582709 0
47.9913767790928 42.3349655012536 -1.58386785582709 0
47.9874371290244 42.0335909892525 -1.58386785582709 0
47.9834974789561 41.7322164772514 -1.58386785582709 0
47.9795578288877 41.4308419652503 -1.58386785582709 0
47.9756181788194 41.1294674532493 -1.58386785582709 0
47.9716785287511 40.8280929412482 -1.58386785582709 0
47.9677388786827 40.5267184292471 -1.58386785582709 0
47.9637992286144 40.225343917246 -1.58386785582709 0
47.959859578546 39.9239694052449 -1.58386785582709 0
47.960971263442 39.6225887007342 -1.54833084707346 0
47.9734157220472 39.3214632980938 -1.51065581444935 0
47.9971935755307 39.0210203145695 -1.47298078182525 0
48.032271077407 38.7216861509205 -1.43530574920114 0
48.0785984442754 38.4238856342246 -1.39763071657704 0
48.1361099264745 38.128041414946 -1.35995568395293 0
48.204723901397 37.8345733670931 -1.32228065132883 0
48.2834855875384 37.5468137042921 -1.28498551413181 0
48.372922052504 37.2621908916547 -1.24769037693479 0
48.4729089110951 36.9811007729237 -1.21039523973777 0
48.5833071049843 36.7039342786911 -1.17310010254075 0
48.7039630961121 36.4310768827054 -1.13580496534373 0
48.8347090802233 36.1629080657673 -1.09850982814672 0
48.975363220243 35.8998007879613 -1.0612146909497 0
49.1257298991694 35.6421209699549 -1.02391955375268 0
49.2855999921316 35.390226984089 -0.986624416555658 0
49.4547511572329 35.1444691559654 -0.949329279358639 0
49.6329481447768 34.9051892772262 -0.91203414216162 0
49.8199431244442 34.6727201302016 -0.874739004964601 0
50.0154760299671 34.4473850250872 -0.837443867767582 0
50.2192749208204 34.2294973502954 -0.800148730570563 0
50.4310563604269 34.0193601366056 -0.762853593373544 0
50.6505258103521 33.8172656357188 -0.725558456176525 0
50.8773780399376 33.6234949138043 -0.688263318979506 0
51.1112975508056 33.4383174606022 -0.650968181782487 0
51.3519590156438 33.2619908146263 -0.613673044585468 0
51.5990277306591 33.0947602049883 -0.576377907388449 0
51.8521600810722 32.9368582103415 -0.53908277019143 0
52.1110040190061 32.788504435418 -0.50178763299441 0
52.3750734013881 32.6496568929111 -0.472836964744571 0
52.6406982834337 32.5137791295166 -0.472836964744571 0
52.9063231654793 32.3779013661221 -0.472836964744571 0
53.1719480475249 32.2420236027276 -0.472836964744571 0
53.4375729295706 32.1061458393331 -0.472836964744571 0
53.7031978116162 31.9702680759386 -0.472836964744571 0
53.9689137810989 31.8345694200696 -0.465749314498382 0
54.2379315724775 31.7055792861021 -0.428454177301363 0
54.511571883049 31.5867095794082 -0.391159040104344 0
54.7894541431616 31.4781256199397 -0.353863902907325 0
55.071191883604 31.37997842258 -0.316568765710306 0
55.3563932730939 31.2924044871185 -0.279273628513286 0
55.6446616632233 31.2155256084109 -0.241978491316267 0
55.9355961401041 31.1494487069911 -0.204683354119248 0
56.2287920819452 31.0942656803697 -0.167388216922229 0
56.5159008090605 31.0457531257774 -0.167388216922231 0
56.8030095361758 30.9972405711852 -0.167388216922231 0
57.090118263291 30.9487280165929 -0.167388216922231 0
57.3772269904063 30.9002154620006 -0.167388216922231 0
57.6644422059981 30.852349928483 -0.154584617925334 0
57.9529008028117 30.8127624622868 -0.118187311805318 0
58.2426089099608 30.783698013082 -0.0817900056853033 0
58.5331827749735 30.7651950801509 -0.0453926995652882 0
58.8242374985799 30.757278172805 -0.00899539344527309 0
59.115387544556 30.7599577779196 0.027401912674742 0
59.4180272839366 30.7627559768939 -0.0028454509408515 0
59.7206935069133 30.7618947526806 -0.0028454509408515 0
60.0233597298899 30.7610335284673 -0.0028454509408515 0
60.3260259528666 30.7601723042541 -0.0028454509408515 0
60.6286921758433 30.7593110800408 -0.0028454509408515 0
60.9313583988199 30.7584498558275 -0.0028454509408515 0
61.2340246217966 30.7575886316143 -0.0028454509408515 0
61.5366908447733 30.756727407401 -0.0028454509408515 0
61.83935706775 30.7558661831878 -0.0028454509408515 0
62.1420232907266 30.7550049589745 -0.0028454509408515 0
62.4446895137033 30.7541437347612 -0.0028454509408515 0
62.74735573668 30.753282510548 -0.0028454509408515 0
63.0500219596566 30.7524212863347 -0.0028454509408515 0
63.3526881826333 30.7515600621215 -0.0028454509408515 0
63.65535440561 30.7506988379082 -0.0028454509408515 0
63.9580206285866 30.7498376136949 -0.0028454509408515 0
64.2606868515633 30.7489763894817 -0.0028454509408515 0
64.56335307454 30.7481151652684 -0.0028454509408515 0
64.8660192975167 30.7472539410552 -0.0028454509408515 0
65.1686855204933 30.7463927168419 -0.0028454509408515 0
65.47135174347 30.7455314926286 -0.0028454509408515 0
65.7740179664467 30.7446702684154 -0.0028454509408515 0
66.0766841894233 30.7438090442021 -0.0028454509408515 0
66.3793504124 30.7429478199888 -0.0028454509408515 0
66.6820166353767 30.7420865957756 -0.0028454509408515 0
66.9846828583534 30.7412253715623 -0.0028454509408515 0
67.28734908133 30.7403641473491 -0.0028454509408515 0
67.5900153043067 30.7395029231358 -0.0028454509408515 0
67.8926756209886 30.7378560110625 -0.0168607492495779 0
68.1930846085146 30.7271420858215 -0.0544379575768453 0
68.492879020595 30.7051498493313 -0.0920151659041127 0
68.7916355833641 30.6719103520005 -0.12959237423138 0
69.0889324882756 30.6274705240249 -0.167169582558647 0
69.3843499876454 30.5718931091284 -0.204746790885915 0
69.6774709872852 30.5052565759758 -0.242323999213182 0
69.9678816353901 30.4276550073847 -0.27990120754045 0
70.255171906847 30.3391979674917 -0.317478415867717 0
70.5389361821421 30.2400103470608 -0.355055624194984 0
70.8187738200461 30.1302321871531 -0.392632832522252 0
71.0942897232727 30.0100184814049 -0.430210040849519 0
71.3650948963078 29.8795389571956 -0.467787249176786 0
71.6320332881681 29.7412862187038 -0.479801112095895 0
71.8987072362978 29.6025202759374 -0.479801112095895 0
72.1653811844275 29.463754333171 -0.479801112095895 0
72.4320551325572 29.3249883904046 -0.479801112095895 0
72.6987290806869 29.1862224476382 -0.479801112095895 0
72.9654030288166 29.0474565048718 -0.479801112095895 0
73.2320769769464 28.9086905621054 -0.479801112095895 0
73.4987509250761 28.769924619339 -0.479801112095895 0
73.7654248732058 28.6311586765726 -0.479801112095895 0
74.0320988213355 28.4923927338062 -0.479801112095895 0
74.2987727694652 28.3536267910399 -0.479801112095895 0
74.5654467175949 28.2148608482735 -0.479801112095895 0
74.8321206657246 28.0760949055071 -0.479801112095895 0
75.0987946138543 27.9373289627407 -0.479801112095895 0
75.365468561984 27.7985630199743 -0.479801112095895 0
75.6321425101138 27.6597970772079 -0.479801112095895 0
75.8988164582435 27.5210311344415 -0.479801112095895 0
76.1654904063732 27.3822651916751 -0.479801112095895 0
76.4321643545029 27.2434992489087 -0.479801112095895 0
76.6988383026326 27.1047333061423 -0.479801112095895 0
76.9632538646836 26.9617468753553 -0.51439480222736 0
77.2221285784834 26.8089586868866 -0.551972010554627 0
77.4750805397042 26.646552857881 -0.589549218881895 0
77.7217526104203 26.4747586859511 -0.627126427209162 0
77.9617965191608 26.2938187239277 -0.664703635536429 0
78.1948733526268 26.1039884374034 -0.702280843863697 0
78.4206540341969 25.9055358440461 -0.739858052190964 0
78.6388197885434 25.6987411351901 -0.777435260518231 0
78.849062591706 25.4838962802393 -0.815012468845499 0
79.0451348307524 25.2687319631235 -0.841249396798852 0
79.2391705642826 25.0517145005278 -0.841249396798852 0
79.4332062978127 24.834697037932 -0.841249396798852 0
79.6272420313429 24.6176795753362 -0.841249396798852 0
79.821277764873 24.4006621127405 -0.841249396798852 0
80.0153134984032 24.1836446501447 -0.841249396798852 0
80.2093492319333 23.966627187549 -0.841249396798851 0
80.4123253654965 23.7372688864136 -0.846738714508227 0
80.6152113531361 23.5078305773158 -0.846738714508227 0
80.8180973407758 23.2783922682179 -0.846738714508227 0
81.0209833284154 23.0489539591201 -0.846738714508227 0
81.223869316055 22.8195156500222 -0.846738714508227 0
81.4267553036946 22.5900773409244 -0.846738714508227 0
81.6296412913343 22.3606390318265 -0.846738714508227 0
81.8325272789739 22.1312007227287 -0.846738714508227 0
82.0354132666135 21.9017624136308 -0.846738714508227 0
82.2382992542532 21.672324104533 -0.846738714508227 0
82.4411852418928 21.4428857954351 -0.846738714508227 0
82.6440712295324 21.2134474863373 -0.846738714508227 0
82.8469572171721 20.9840091772394 -0.846738714508227 0
83.0498432048117 20.7545708681415 -0.846738714508227 0
83.2527291924513 20.5251325590437 -0.846738714508227 0
83.4556151800909 20.2956942499458 -0.846738714508227 0
83.6585011677306 20.066255940848 -0.846738714508227 0
83.8613871553702 19.8368176317501 -0.846738714508227 0
84.0642731430098 19.6073793226523 -0.846738714508227 0
84.2671591306495 19.3779410135544 -0.846738714508227 0
84.4700451182891 19.1485027044566 -0.846738714508227 0
84.6729311059287 18.9190643953587 -0.846738714508227 0
84.8758170935684 18.6896260862609 -0.846738714508227 0
85.078703081208 18.460187777163 -0.846738714508227 0
85.2815890688476 18.2307494680652 -0.846738714508227 0
85.4844750564872 18.0013111589673 -0.846738714508227 0
85.6873610441269 17.7718728498695 -0.846738714508227 0
85.8902470317665 17.5424345407716 -0.846738714508227 0
86.0931330194061 17.3129962316738 -0.846738714508227 0
86.2960190070458 17.0835579225759 -0.846738714508227 0
86.4989049946854 16.8541196134781 -0.846738714508227 0
86.701790982325 16.6246813043802 -0.846738714508227 0
86.9046769699646 16.3952429952824 -0.846738714508227 0
87.1075629576043 16.1658046861845 -0.846738714508227 0
87.3104489452439 15.9363663770867 -0.846738714508227 0
87.5133349328835 15.7069280679888 -0.846738714508227 0
87.7162209205232 15.477489758891 -0.846738714508227 0
87.9191069081628 15.2480514497931 -0.846738714508227 0
88.1219928958024 15.0186131406953 -0.846738714508227 0
88.3248788834421 14.7891748315974 -0.846738714508227 0
88.5277648710817 14.5597365224996 -0.846738714508227 0
88.7306508587213 14.3302982134017 -0.846738714508227 0
88.9335368463609 14.1008599043039 -0.846738714508227 0
89.1364228340006 13.871421595206 -0.846738714508227 0
89.3393088216402 13.6419832861082 -0.846738714508227 0
89.5421948092798 13.4125449770103 -0.846738714508227 0
89.7450807969195 13.1831066679125 -0.846738714508227 0
89.9479667845591 12.9536683588146 -0.846738714508227 0
90.1508527721987 12.7242300497167 -0.846738714508227 0
90.3537387598384 12.4947917406189 -0.846738714508227 0
90.556624747478 12.265353431521 -0.846738714508227 0
90.7595107351176 12.0359151224232 -0.846738714508227 0
90.9623967227572 11.8064768133253 -0.846738714508227 0
91.1652827103969 11.5770385042275 -0.846738714508227 0
91.3681686980365 11.3476001951296 -0.846738714508227 0
91.5710546856761 11.1181618860318 -0.846738714508227 0
91.7739406733158 10.8887235769339 -0.846738714508227 0
91.9768266609554 10.6592852678361 -0.846738714508227 0
92.179712648595 10.4298469587382 -0.846738714508227 0
92.3825986362346 10.2004086496404 -0.846738714508227 0
92.5854846238743 9.97097034054253 -0.846738714508227 0
92.7883706115139 9.74153203144468 -0.846738714508227 0
92.9912565991535 9.51209372234683 -0.846738714508227 0
93.1941425867932 9.28265541324898 -0.846738714508227 0
93.3970285744328 9.05321710415113 -0.846738714508227 0
93.5999145620724 8.82377879505328 -0.846738714508227 0
93.8028 8.59434 -0.847167 0
