93.8028 8.59434 -0.847167 0
93.6033382041812 8.82140776883624 -0.850147915829863 0
93.4039030915948 9.04849901831089 -0.850147915829863 0
93.2044679790084 9.27559026778554 -0.850147915829863 0
93.0050328664221 9.5026815172602 -0.850147915829863 0
92.8055977538357 9.72977276673485 -0.850147915829863 0
92.6061626412493 9.9568640162095 -0.850147915829863 0
92.4067275286629 10.1839552656842 -0.850147915829863 0
92.2072924160765 10.4110465151588 -0.850147915829863 0
92.0078573034901 10.6381377646335 -0.850147915829863 0
91.8084221909037 10.8652290141081 -0.850147915829863 0
91.6089870783173 11.0923202635828 -0.850147915829863 0
91.4095519657309 11.3194115130574 -0.850147915829863 0
91.2101168531446 11.5465027625321 -0.850147915829863 0
91.0106817405582 11.7735940120067 -0.850147915829863 0
90.8112466279718 12.0006852614814 -0.850147915829863 0
90.6118115153854 12.227776510956 -0.850147915829863 0
90.412376402799 12.4548677604307 -0.850147915829863 0
90.2129412902126 12.6819590099053 -0.850147915829863 0
90.0135061776262 12.90905025938 -0.850147915829863 0
89.8140710650398 13.1361415088546 -0.850147915829863 0
89.6146359524534 13.3632327583293 -0.850147915829863 0
89.4152008398671 13.590324007804 -0.850147915829863 0
89.2157657272807 13.8174152572786 -0.850147915829863 0
89.0163306146943 14.0445065067533 -0.850147915829863 0
88.8168955021079 14.2715977562279 -0.850147915829863 0
88.6174603895215 14.4986890057026 -0.850147915829863 0
88.4180252769351 14.7257802551772 -0.850147915829863 0
88.2185901643487 14.9528715046519 -0.850147915829863 0
88.0191550517623 15.1799627541265 -0.850147915829863 0
87.8197199391759 15.4070540036012 -0.850147915829863 0
87.6202848265896 15.6341452530758 -0.850147915829863 0
87.4208497140032 15.8612365025505 -0.850147915829863 0
87.2214146014168 16.0883277520251 -0.850147915829863 0
87.0219794888304 16.3154190014998 -0.850147915829863 0
86.822544376244 16.5425102509744 -0.850147915829863 0
86.6231092636576 16.7696015004491 -0.850147915829863 0
86.4236741510712 16.9966927499237 -0.850147915829863 0
86.2242390384848 17.2237839993984 -0.850147915829863 0
86.0248039258984 17.4508752488731 -0.850147915829863 0
85.8253688133121 17.6779664983477 -0.850147915829863 0
85.6259337007257 17.9050577478224 -0.850147915829863 0
85.4264985881393 18.132148997297 -0.850147915829863 0
85.2270634755529 18.3592402467717 -0.850147915829863 0
85.0276283629665 18.5863314962463 -0.850147915829863 0
84.8281932503801 18.813422745721 -0.850147915829863 0
84.6287581377937 19.0405139951956 -0.850147915829863 0
84.4293230252073 19.2676052446703 -0.850147915829863 0
84.2298879126209 19.4946964941449 -0.850147915829863 0
84.0304528000346 19.7217877436196 -0.850147915829863 0
83.8310176874482 19.9488789930942 -0.850147915829863 0
83.6315825748618 20.1759702425689 -0.850147915829863 0
83.4321474622754 20.4030614920435 -0.850147915829863 0
83.232712349689 20.6301527415182 -0.850147915829863 0
83.0332772371026 20.8572439909928 -0.850147915829863 0
82.8338421245162 21.0843352404675 -0.850147915829863 0
82.6344070119298 21.3114264899421 -0.850147915829863 0
82.4349718993434 21.5385177394168 -0.850147915829863 0
82.2355367867571 21.7656089888915 -0.850147915829863 0
82.0361016741707 21.9927002383661 -0.850147915829863 0
81.8366665615843 22.2197914878408 -0.850147915829863 0
81.6372314489979 22.4468827373154 -0.850147915829863 0
81.4377963364115 22.6739739867901 -0.850147915829863 0
81.2383612238251 22.9010652362647 -0.850147915829863 0
81.0386024412993 23.1278702414461 -0.839754565007893 0
80.8374832107948 23.352134592224 -0.839754565007891 0
80.6363639802903 23.5763989430018 -0.839754565007891 0
80.4352447497858 23.8006632937797 -0.839754565007891 0
80.2341255192813 24.0249276445575 -0.839754565007891 0
80.0330062887768 24.2491919953354 -0.839754565007891 0
79.8318870582722 24.4734563461133 -0.839754565007891 0
79.6307678277677 24.6977206968911 -0.839754565007891 0
79.4296485972632 24.921985047669 -0.839754565007891 0
79.2285293667587 25.1462493984469 -0.839754565007891 0
79.0244827441733 25.3678324844079 -0.808251209510699 0
78.8123481247238 25.5816820245219 -0.770596643903445 0
78.5923133679717 25.7873940280534 -0.732942078296192 0
78.3646904169253 25.984676857344 -0.695287512688938 0
78.1298019723671 26.1732508247651 -0.657632947081685 0
77.886626109757 26.3538156258151 -0.619770303095432 0
77.6367895049154 26.5250459339254 -0.581907659109179 0
77.3813737713492 26.6878596285864 -0.562551525994199 0
77.125150589866 26.8494108250751 -0.562551525994199 0
76.8689274083828 27.0109620215638 -0.562551525994199 0
76.6127042268996 27.1725132180525 -0.562551525994199 0
76.3564810454164 27.3340644145412 -0.562551525994199 0
76.1002578639332 27.4956156110299 -0.562551525994199 0
75.84403468245 27.6571668075186 -0.562551525994199 0
75.5878115009668 27.8187180040073 -0.562551525994199 0
75.3315883194836 27.980269200496 -0.562551525994199 0
75.0753651380004 28.1418203969847 -0.562551525994199 0
74.8191419565172 28.3033715934734 -0.562551525994199 0
74.562918775034 28.4649227899621 -0.562551525994199 0
74.3041306690165 28.6222987810121 -0.527550501049048 0
74.0395872256942 28.7697942525682 -0.489687857062795 0
73.7696501474854 28.9071700923016 -0.451825213076542 0
73.4947063645074 29.0342293845083 -0.413962569090289 0
73.2151499835308 29.1507900013119 -0.376099925104036 0
72.9313817230639 29.256684863727 -0.338237281117783 0
72.6438083389588 29.3517621811519 -0.30037463713153 0
72.3528420413647 29.4358856689465 -0.262511993145277 0
72.0588999038617 29.5089347437835 -0.224649349159024 0
71.7624032656246 29.5708046964943 -0.186786705172771 0
71.4637771274711 29.6214068421591 -0.148924061186517 0
71.1716084028125 29.6616109108457 -0.1335348298556 0
70.8793087407141 29.7008767647664 -0.1335348298556 0
70.5870090786158 29.7401426186872 -0.1335348298556 0
70.2947094165175 29.7794084726079 -0.1335348298556 0
70.0024097544192 29.8186743265286 -0.1335348298556 0
69.7101100923208 29.8579401804493 -0.1335348298556 0
69.4178104302225 29.8972060343701 -0.1335348298556 0
69.1255107681242 29.9364718882908 -0.1335348298556 0
68.8332111060259 29.9757377422115 -0.1335348298556 0
68.5409114439276 30.0150035961322 -0.1335348298556 0
68.2486117818292 30.054269450053 -0.1335348298556 0
67.9563121197309 30.0935353039737 -0.1335348298556 0
67.6640124576326 30.1328011578944 -0.1335348298556 0
67.3717127955343 30.1720670118151 -0.1335348298556 0
67.0794131334359 30.2113328657359 -0.1335348298556 0
66.7871134713376 30.2505987196566 -0.1335348298556 0
66.4948138092393 30.2898645735773 -0.1335348298556 0
66.202514147141 30.329130427498 -0.1335348298556 0
65.9102144850426 30.3683962814188 -0.1335348298556 0
65.6176924295463 30.4059140078555 -0.112545317592729 0
65.3240889485067 30.4336276321726 -0.0756796620506726 0
65.0296635101562 30.4505009929375 -0.0388140065086156 0
64.7348162158893 30.456511160558 -0.00194835096655879 0
64.4375367589681 30.4625994164319 -0.0370737394065692 0
64.140382466592 30.473621087317 -0.0370737394065692 0
63.8432281742159 30.484642758202 -0.0370737394065692 0
63.5460738818398 30.495664429087 -0.0370737394065692 0
63.2489195894636 30.506686099972 -0.0370737394065692 0
62.9517652970875 30.517707770857 -0.0370737394065692 0
62.6546110047114 30.5287294417421 -0.0370737394065692 0
62.3574567123353 30.5397511126271 -0.0370737394065692 0
62.0603024199592 30.5507727835121 -0.0370737394065692 0
61.7631481275831 30.5617944543971 -0.0370737394065692 0
61.4659938352069 30.5728161252822 -0.0370737394065692 0
61.1688395428308 30.5838377961672 -0.0370737394065692 0
60.8716852504547 30.5948594670522 -0.0370737394065692 0
60.5745309580786 30.6058811379372 -0.0370737394065692 0
60.2773766657025 30.6169028088223 -0.0370737394065692 0
59.9802223733264 30.6279244797073 -0.0370737394065692 0
59.6830680809502 30.6389461505923 -0.0370737394065692 0
59.3859137885741 30.6499678214773 -0.0370737394065692 0
59.088759496198 30.6609894923624 -0.0370737394065692 0
58.7916052038219 30.6720111632474 -0.0370737394065692 0
58.4944509114458 30.6830328341324 -0.0370737394065692 0
58.1972966190697 30.6940545050174 -0.0370737394065692 0
57.9001423266935 30.7050761759025 -0.0370737394065692 0
57.6030196293014 30.7168557354257 -0.0508446409431182 0
57.3063944978805 30.7374834419569 -0.0880144688253049 0
57.0107408026941 30.7691198670058 -0.125184296707492 0
56.7164669707093 30.8117213068429 -0.162354124589678 0
56.4239795226988 30.865228910261 -0.199523952471865 0
56.1285524829402 30.9308079920561 -0.237353478344384 0
55.8358170407142 31.0075133546743 -0.275183004216903 0
55.5461920718595 31.0952352402303 -0.313012530089423 0
55.2600920014307 31.19384812727 -0.350842055961942 0
54.9779262106974 31.3032109103794 -0.388671581834461 0
54.7000984513585 31.4231671020929 -0.42650110770698 0
54.427006267814 31.5535450568112 -0.4643306335795 0
54.159040428317 31.6941582164096 -0.502160159452019 0
53.8965843658226 31.8448053771847 -0.539989685324538 0
53.6399520988475 32.0051758332435 -0.570292354409209 0
53.3821808399578 32.1637057354072 -0.532462828536689 0
53.1185983230671 32.3123731783098 -0.49463330266417 0
52.849581709024 32.4509654333546 -0.456803776791651 0
52.5755159343395 32.5792841885552 -0.418974250919131 0
52.2967931603807 32.6971458323003 -0.381144725046612 0
52.0138122122257 32.8043817160845 -0.343315199174093 0
51.7269780079847 32.9008383958273 -0.305485673301574 0
51.4367009794005 32.9863778514369 -0.267656147429054 0
51.143396484562 33.0608776843034 -0.229826621556535 0
50.8474842135663 33.1242312924392 -0.191997095684016 0
50.5493875879839 33.1763480230162 -0.154167569811496 0
50.2495331549834 33.217153302081 -0.116338043938977 0
49.9483499769841 33.2465887412631 -0.0785085180664578 0
49.6462690177096 33.2646122213226 -0.0406789921939386 0
49.3437225255211 33.2711979524193 -0.00284946632141925 0
49.0411434149119 33.2663365110148 0.0349800595511001 0
48.7389646470488 33.2500348533572 0.0728095854236195 0
48.4376186102475 33.2223163055271 0.110639111296139 0
48.1375365012669 33.1832205300604 0.148468637168658 0
47.8391477083082 33.1328034691949 0.186298163041177 0
47.5428791966032 33.0711372648225 0.224127688913696 0
47.2491548974678 32.9983101552614 0.261957214786216 0
46.9583951016982 32.9144263489953 0.299786740658735 0
46.6710158581759 32.8196058755616 0.337616266531255 0
46.3874283785421 32.7139844138006 0.375445792403774 0
46.1080384487938 32.5977130977124 0.413275318276293 0
45.8332458486442 32.470958300199 0.451104844148812 0
45.5634437794766 32.3339013950007 0.488934370021332 0
45.2990183017117 32.1867384971684 0.526763895893851 0
45.2860402190033 32.1822002348386 0.56459342176637 0
45.5385856476168 32.3489292313451 0.60242294763889 0
45.784644617672 32.5250903367145 0.640252473511409 0
46.0238650428051 32.7104314816036 0.678081999383928 0
46.2559046219424 32.9046874609283 0.715911525256448 0
46.4804313290997 33.1075803133472 0.753741051128967 0
46.6971238884794 33.3188197189966 0.791570577001486 0
46.9056722341842 33.53810341491 0.829400102874005 0
47.1057779538917 33.7651176275267 0.867229628746525 0
47.2971547158529 33.9995375216715 0.905059154619044 0
47.4795286786053 34.2410276653619 0.942888680491563 0
47.652638882813 34.4892425097786 0.980718206364083 0
47.4905877409825 34.2371686083654 1.01817908737387 0
47.5016213598312 34.2613056216364 1.05563996838366 0
47.644349738658 34.5248021761104 1.09310084939345 0
47.7771094779842 34.7934593479042 1.13056173040324 0
47.8997142955163 35.0669001697655 1.16802261141302 0
48.0119921578748 35.3447409622464 1.20548349242281 0
48.1137855219836 35.6265918720651 1.2429443734326 0
48.2049515561268 35.9120574191296 1.28040525444239 0
48.2853623403643 36.2007370514567 1.31786613545218 0
48.3549050460222 36.4922257072086 1.35532701646196 0
48.4134820940093 36.786114383056 1.39278789747175 0
48.4610112917354 37.0819907080733 1.43024877848154 0
48.49742594844 37.3794395223578 1.46770965949133 0
48.5226749687701 37.6780434595633 1.50517054050112 0
48.5367229244741 37.9773835325284 1.5426314215109 0
48.5395501041139 38.2770397211805 1.58009230252069 0
48.5311525407224 38.5765915618881 1.61755318353048 0
48.51154201737 38.8756187374359 1.65501406454027 0
48.4807460506315 39.1737016667942 1.69247494555006 0
48.4388078519754 39.470422093856 1.72993582655985 0
48.3922749560424 39.7664635954753 1.7100307521138 0
48.3562509174979 40.0639599702249 1.67256987110401 0
48.3313940225197 40.3625968050499 1.63510899009422 0
48.3177391491471 40.6619550666285 1.59764810908444 0
48.3153054572634 40.9616147093668 1.56018722807465 0
48.3154316142973 41.2616700316516 1.57234694319707 0
48.314966340925 41.5617268340648 1.57234694319707 0
48.3145010675527 41.8617836364781 1.57234694319707 0
48.3140357941804 42.1618404388914 1.57234694319707 0
48.313570520808 42.4618972413046 1.57234694319707 0
48.3131052474357 42.7619540437179 1.57234694319707 0
48.3126399740634 43.0620108461312 1.57234694319707 0
48.3121747006911 43.3620676485444 1.57234694319707 0
48.3117094273188 43.6621244509577 1.57234694319707 0
48.3112441539465 43.962181253371 1.57234694319707 0
48.3107788805742 44.2622380557842 1.57234694319707 0
48.3103136072019 44.5622948581975 1.57234694319707 0
48.3098483338296 44.8623516606108 1.57234694319707 0
48.3093830604573 45.162408463024 1.57234694319707 0
48.308917787085 45.4624652654373 1.57234694319707 0
48.3084525137126 45.7625220678506 1.57234694319707 0
48.3079872403403 46.0625788702638 1.57234694319707 0
48.307521966968 46.3626356726771 1.57234694319707 0
48.3070566935957 46.6626924750904 1.57234694319707 0
48.3065914202234 46.9627492775036 1.57234694319707 0
48.3061261468511 47.2628060799169 1.57234694319707 0
48.3056608734788 47.5628628823302 1.57234694319707 0
48.3051956001065 47.8629196847434 1.57234694319707 0
48.3047303267342 48.1629764871567 1.57234694319707 0
48.3042650533619 48.4630332895699 1.57234694319707 0
48.3037997799895 48.7630900919832 1.57234694319707 0
48.3033345066172 49.0631468943965 1.57234694319707 0
48.3028692332449 49.3632036968097 1.57234694319707 0
48.3024039598726 49.663260499223 1.57234694319707 0
48.3019386865003 49.9633173016363 1.57234694319707 0
48.301473413128 50.2633741040495 1.57234694319707 0
48.3010081397557 50.5634309064628 1.57234694319707 0
48.3005428663834 50.8634877088761 1.57234694319707 0
48.3000775930111 51.1635445112893 1.57234694319707 0
48.2996123196388 51.4636013137026 1.57234694319707 0
48.2991470462665 51.7636581161159 1.57234694319707 0
48.2986817728941 52.0637149185291 1.57234694319707 0
48.2982164995218 52.3637717209424 1.57234694319707 0
48.2977512261495 52.6638285233557 1.57234694319707 0
48.2972859527772 52.9638853257689 1.57234694319707 0
48.2968206794049 53.2639421281822 1.57234694319707 0
48.2963554060326 53.5639989305955 1.57234694319707 0
48.2958901326603 53.8640557330087 1.57234694319707 0
48.295424859288 54.164112535422 1.57234694319707 0
48.2949595859157 54.4641693378353 1.57234694319707 0
48.2944943125434 54.7642261402485 1.57234694319707 0
48.294029039171 55.0642829426618 1.57234694319707 0
48.2935637657987 55.364339745075 1.57234694319707 0
48.2930984924264 55.6643965474883 1.57234694319707 0
48.2926332190541 55.9644533499016 1.57234694319707 0
48.2921679456818 56.2645101523148 1.57234694319707 0
48.2917026723095 56.5645669547281 1.57234694319707 0
48.2912373989372 56.8646237571414 1.57234694319707 0
48.2907721255649 57.1646805595546 1.57234694319707 0
48.2903068521926 57.4647373619679 1.57234694319707 0
48.2898415788203 57.7647941643812 1.57234694319707 0
48.289376305448 58.0648509667944 1.57234694319707 0
48.2889110320756 58.3649077692077 1.57234694319707 0
48.2884457587033 58.664964571621 1.57234694319707 0
48.287980485331 58.9650213740342 1.57234694319707 0
48.2875152119587 59.2650781764475 1.57234694319707 0
48.2870499385864 59.5651349788608 1.57234694319707 0
48.2865846652141 59.865191781274 1.57234694319707 0
48.2861193918418 60.1652485836873 1.57234694319707 0
48.2856541184695 60.4653053861006 1.57234694319707 0
48.2851888450972 60.7653621885138 1.57234694319707 0
48.2847235717249 61.0654189909271 1.57234694319707 0
48.2842582983525 61.3654757933403 1.57234694319707 0
48.2837930249802 61.6655325957536 1.57234694319707 0
48.2833277516079 61.9655893981669 1.57234694319707 0
48.2828624782356 62.2656462005801 1.57234694319707 0
48.2823972048633 62.5657030029934 1.57234694319707 0
48.281931931491 62.8657598054067 1.57234694319707 0
48.2814666581187 63.1658166078199 1.57234694319707 0
48.2810013847464 63.4658734102332 1.57234694319707 0
48.2805361113741 63.7659302126465 1.57234694319707 0
48.2800708380018 64.0659870150597 1.57234694319707 0
48.2796055646294 64.366043817473 1.57234694319707 0
48.2791402912571 64.6661006198863 1.57234694319707 0
48.2786750178848 64.9661574222995 1.57234694319707 0
48.2782097445125 65.2662142247128 1.57234694319707 0
48.2777444711402 65.5662710271261 1.57234694319707 0
48.2772791977679 65.8663278295393 1.57234694319707 0
48.2768139243956 66.1663846319526 1.57234694319707 0
48.2763486510233 66.4664414343658 1.57234694319707 0
48.275883377651 66.7664982367791 1.57234694319707 0
48.2754181042787 67.0665550391924 1.57234694319707 0
48.2749528309064 67.3666118416056 1.57234694319707 0
48.274487557534 67.6666686440189 1.57234694319707 0
48.2740222841617 67.9667254464322 1.57234694319707 0
48.2735570107894 68.2667822488454 1.57234694319707 0
48.2730917374171 68.5668390512587 1.57234694319707 0
48.2726264640448 68.866895853672 1.57234694319707 0
48.2721611906725 69.1669526560852 1.57234694319707 0
48.2716959173002 69.4670094584985 1.57234694319707 0
48.2712306439279 69.7670662609118 1.57234694319707 0
48.2707653705556 70.067123063325 1.57234694319707 0
48.2703000971833 70.3671798657383 1.57234694319707 0
48.2698348238109 70.6672366681516 1.57234694319707 0
48.2693695504386 70.9672934705648 1.57234694319707 0
48.2689042770663 71.2673502729781 1.57234694319707 0
48.268439003694 71.5674070753914 1.57234694319707 0
48.2679737303217 71.8674638778046 1.57234694319707 0
48.2675084569494 72.1675206802179 1.57234694319707 0
48.2670431835771 72.4675774826312 1.57234694319707 0
48.2665779102048 72.7676342850444 1.57234694319707 0
48.2661126368325 73.0676910874577 1.57234694319707 0
48.2656473634602 73.367747889871 1.57234694319707 0
48.2651820900878 73.6678046922842 1.57234694319707 0
48.2647168167155 73.9678614946975 1.57234694319707 0
48.2642515433432 74.2679182971108 1.57234694319707 0
48.2637862699709 74.567975099524 1.57234694319707 0
48.2633209965986 74.8680319019373 1.57234694319707 0
48.2628557232263 75.1680887043506 1.57234694319707 0
48.262390449854 75.4681455067638 1.57234694319707 0
48.2619251764817 75.7682023091771 1.57234694319707 0
48.2614599031094 76.0682591115903 1.57234694319707 0
48.2609946297371 76.3683159140036 1.57234694319707 0
48.2605293563648 76.6683727164169 1.57234694319707 0
48.2600640829924 76.9684295188301 1.57234694319707 0
48.2595988096201 77.2684863212434 1.57234694319707 0
48.2591335362478 77.5685431236567 1.57234694319707 0
48.2586682628755 77.8685999260699 1.57234694319707 0
48.2582029895032 78.1686567284832 1.57234694319707 0
48.2577377161309 78.4687135308965 1.57234694319707 0
48.2572724427586 78.7687703333097 1.57234694319707 0
48.2568071693863 79.068827135723 1.57234694319707 0
48.256341896014 79.3688839381363 1.57234694319707 0
48.2558766226417 79.6689407405495 1.57234694319707 0
48.2554113492694 79.9689975429628 1.57234694319707 0
48.254946075897 80.269054345376 1.57234694319707 0
48.2544808025247 80.5691111477893 1.57234694319707 0
48.2540155291524 80.8691679502026 1.57234694319707 0
48.2535502557801 81.1692247526159 1.57234694319707 0
48.2530849824078 81.4692815550291 1.57234694319707 0
48.2526197090355 81.7693383574424 1.57234694319707 0
48.2521544356632 82.0693951598556 1.57234694319707 0
48.2516891622909 82.3694519622689 1.57234694319707 0
48.2512238889186 82.6695087646822 1.57234694319707 0
48.2507586155463 82.9695655670954 1.57234694319707 0
48.2502933421739 83.2696223695087 1.57234694319707 0
48.2498280688016 83.569679171922 1.57234694319707 0
48.2493627954293 83.8697359743352 1.57234694319707 0
48.248897522057 84.1697927767485 1.57234694319707 0
48.2484322486847 84.4698495791618 1.57234694319707 0
48.2479669753124 84.769906381575 1.57234694319707 0
48.2475017019401 85.0699631839883 1.57234694319707 0
48.2470364285678 85.3700199864016 1.57234694319707 0
48.2465711551955 85.6700767888148 1.57234694319707 0
48.2461058818232 85.9701335912281 1.57234694319707 0
48.2456406084508 86.2701903936414 1.57234694319707 0
48.2451753350785 86.5702471960546 1.57234694319707 0
48.2447100617062 86.8703039984679 1.57234694319707 0
48.2442447883339 87.1703608008812 1.57234694319707 0
48.2437795149616 87.4704176032944 1.57234694319707 0
48.2433142415893 87.7704744057077 1.57234694319707 0
48.242848968217 88.0705312081209 1.57234694319707 0
48.2423836948447 88.3705880105342 1.57234694319707 0
48.2419184214724 88.6706448129475 1.57234694319707 0
48.2414531481001 88.9707016153607 1.57234694319707 0
48.2409878747278 89.270758417774 1.57234694319707 0
48.2405226013554 89.5708152201873 1.57234694319707 0
48.2400573279831 89.8708720226005 1.57234694319707 0
48.2395920546108 90.1709288250138 1.57234694319707 0
48.2391267812385 90.4709856274271 1.57234694319707 0
48.2386615078662 90.7710424298403 1.57234694319707 0
48.2381962344939 91.0710992322536 1.57234694319707 0
48.2377309611216 91.3711560346669 1.57234694319707 0
48.2372656877493 91.6712128370801 1.57234694319707 0
48.236800414377 91.9712696394934 1.57234694319707 0
48.2363351410047 92.2713264419067 1.57234694319707 0
48.2358698676323 92.5713832443199 1.57234694319707 0
48.23540459426 92.8714400467332 1.57234694319707 0
48.2349393208877 93.1714968491465 1.57234694319707 0
48.2344740475154 93.4715536515597 1.57234694319707 0
48.2340087741431 93.771610453973 1.57234694319707 0
48.2335435007708 94.0716672563862 1.57234694319707 0
48.2330782273985 94.3717240587995 1.57234694319707 0
48.2326129540262 94.6717808612128 1.57234694319707 0
48.2321476806539 94.971837663626 1.57234694319707 0
48.2316824072816 95.2718944660393 1.57234694319707 0
48.2312171339092 95.5719512684526 1.57234694319707 0
48.2307518605369 95.8720080708658 1.57234694319707 0
48.2302865871646 96.1720648732791 1.57234694319707 0
48.2298213137923 96.4721216756924 1.57234694319707 0
48.22935604042 96.7721784781056 1.57234694319707 0
48.2288907670477 97.0722352805189 1.57234694319707 0
48.2284254936754 97.3722920829322 1.57234694319707 0
48.2279602203031 97.6723488853454 1.57234694319707 0
48.2274949469308 97.9724056877587 1.57234694319707 0
48.2270296735585 98.272462490172 1.57234694319707 0
48.2265644001861 98.5725192925852 1.57234694319707 0
48.2260991268138 98.8725760949985 1.57234694319707 0
48.2256338534415 99.1726328974117 1.57234694319707 0
48.2251685800692 99.472689699825 1.57234694319707 0
48.2247033066969 99.7727465022383 1.57234694319707 0
48.2242380333246 100.072803304652 1.57234694319707 0
48.2237727599523 100.372860107065 1.57234694319707 0
48.22330748658 100.672916909478 1.57234694319707 0
48.2228422132077 100.972973711891 1.57234694319707 0
48.2223769398354 101.273030514305 1.57234694319707 0
48.2219116664631 101.573087316718 1.57234694319707 0
48.2214463930907 101.873144119131 1.57234694319707 0
48.2210629288992 102.173200925074 1.56782452052382 0
48.2275808896115 102.473169694983 1.53031737513087 0
48.2453426006737 102.772683080916 1.49281022973792 0
48.2743230780893 103.071319781041 1.45530308434497 0
48.3144815573089 103.368659726692 1.41779593895202 0
48.3657615505706 103.664284673244 1.38028879355907 0
48.4280909263567 103.957778788427 1.34278164816612 0
48.5013820108559 104.248729237242 1.30527450277317 0
48.5855317112863 104.536726762666 1.26776735738022 0
48.6804216609086 104.82136626132 1.23026021198727 0
48.7859183855229 105.102247353294 1.19275306659432 0
48.9018734912164 105.378974945334 1.15524592120137 0
49.0281238730975 105.651159786587 1.11773877580842 0
49.1644919447224 105.918419016126 1.08023163041547 0
49.3107858878918 106.180376701497 1.04272448502252 0
49.4667999224671 106.436664367506 1.00521733962957 0
49.6323145958241 106.68692151453 0.967710194236624 0
49.8070970915405 106.930796125599 0.930203048843673 0
49.9909015568799 107.167945161553 0.892695903450722 0
50.1830506737621 107.397553281358 0.855268549505137 0
50.3836568426314 107.619810647513 0.817841195559551 0
50.5924390857996 107.834405956727 0.780413841613966 0
50.8091049738147 108.041038637515 0.742986487668381 0
51.0333510350503 108.239419271194 0.705559133722795 0
51.2648631807611 108.429269997259 0.66813177977721 0
51.5033171450091 108.610324902559 0.630704425831624 0
51.7483789388447 108.782330393753 0.593277071886039 0
51.999705318106 108.945045552501 0.555849717940453 0
52.2569442641814 109.098242472904 0.518422363994868 0
52.5197354770622 109.24170658072 0.480995010049282 0
52.7877108799944 109.375236933906 0.443567656103697 0
53.0604951350227 109.498646504068 0.406140302158111 0
53.3377061687054 109.611762438416 0.368712948212526 0
53.618955707263 109.714426301874 0.33128559426694 0
53.9038498204109 109.806494298987 0.293858240321355 0
54.1919894731158 109.887837475333 0.256430886375769 0
54.4829710845008 109.958341898134 0.219003532430184 0
54.776387093119 110.017908815844 0.181576178484599 0
55.0718265278008 110.066454796457 0.144148824539013 0
55.368875583279 110.103911844371 0.106721470593428 0
55.325602530644 110.102847487657 0.0692941166478422 0
55.026584084643 110.087710091911 0.0318667627022567 0
54.727208627329 110.08377215376 -0.00556059124332864 0
54.4278954769332 110.091039188852 -0.0429879451889142 0
54.1290638644173 110.109501018663 -0.0804152991344996 0
53.8311323462798 110.139131784754 -0.117842653080085 0
53.5345182183084 110.179889984991 -0.155270007025671 0
53.2396369310967 110.231718531674 -0.192697360971256 0
52.9469015081468 110.294544831495 -0.230124714916841 0
52.6567219673703 110.368280887218 -0.267552068862427 0
52.3695047467995 110.45282342093 -0.304979422808012 0
52.0856521353126 110.548054018696 -0.342406776753598 0
51.8055617091709 110.653839296418 -0.379834130699183 0
51.5296257751556 110.770031086652 -0.417261484644769 0
51.2582308210866 110.896466646147 -0.454688838590354 0
50.9917569744906 111.032968883781 -0.49211619253594 0
50.7305774701777 111.179346608609 -0.529543546481525 0
50.4750581274734 111.33539479765 -0.566970900427111 0
50.2255568378354 111.500894883051 -0.604398254372696 0
49.9824230635757 111.675615058225 -0.641825608318282 0
49.7459973483884 111.859310602529 -0.679252962263867 0
49.5166108403698 112.051724224027 -0.716680316209453 0
49.2945848281974 112.252586419867 -0.754107670155038 0
49.0802302911199 112.461615853759 -0.791535024100624 0
48.8711714196679 112.67595917722 -0.785928147095966 0
48.6556482557353 112.883783472257 -0.748500793150381 0
48.4324995297513 113.083397644826 -0.711073439204795 0
48.2020377934859 113.274522106673 -0.67364608525921 0
47.964585841628 113.456889160599 -0.636218731313624 0
47.7204762596653 113.630243375411 -0.598791377368039 0
47.4700509580505 113.794341943686 -0.561364023422454 0
47.2136606933069 113.948955021864 -0.523936669476868 0
46.9516645767433 114.09386605217 -0.486509315531283 0
47.2235449891882 113.956623152733 -0.448437472129662 0
47.5004522128281 113.829828193792 -0.410365628728041 0
47.7819849287407 113.713664938035 -0.37229378532642 0
48.0677351143227 113.608301739731 -0.334221941924799 0
48.3572886346336 113.513891300729 -0.296150098523179 0
48.650225842597 113.430570449152 -0.258078255121558 0
48.9461221871915 113.358459941092 -0.220006411719937 0
49.2445488287478 113.297664285602 -0.181934568318316 0
49.5450732604619 113.248271593229 -0.143862724916696 0
49.8472599352233 113.210353448316 -0.105790881515075 0
50.1506708968491 113.18396480526 -0.0677190381134541 0
50.4548664148091 113.169143908862 -0.0296471947118334 0
50.7594056215235 113.165912238902 0.00842464868978743 0
50.7761458794268 113.163480799581 0.0464964920914082 0
50.472243250695 113.143536768724 0.084568335493029 0
50.1693199661139 113.112039851802 0.12264017889465 0
49.8678150494281 113.069035696988 0.16071202229627 0
49.5681654687553 113.014586629782 0.198783865697891 0
49.270805503293 112.948771562682 0.236855709099512 0
48.976166113922 112.871685880821 0.274927552501133 0
48.6846743186185 112.78344130372 0.312999395902753 0
48.3967525735818 112.684165723379 0.351071239304374 0
48.1128181609723 112.574003018923 0.389143082705995 0
47.8332825841486 112.453112848078 0.427214926107616 0
47.5585509712797 112.321670415784 0.465286769509237 0
47.2890214881969 112.179866220267 0.503358612910857 0
47.0250847613357 112.027905776958 0.541430456312478 0
46.7671233116049 111.866009320635 0.579502299714099 0
46.515511000003 111.694411486245 0.61757414311572 0
46.2706124857846 111.513360968846 0.655645986517341 0
46.0327826979637 111.323120163176 0.693717829918961 0
45.8023663209186 111.123964783368 0.731789673320582 0
45.579697294844 110.91618346336 0.769861516722203 0
45.3650983317749 110.700077338582 0.807933360123823 0
45.158880447883 110.47595960952 0.846005203525444 0
44.9613425127243 110.244155087799 0.884077046927065 0
44.7727708160903 110.004999725439 0.922148890328686 0
44.5934386530909 109.75884012796 0.960220733730307 0
44.4236059280706 109.506033052052 0.998292577131927 0
44.2635187779316 109.24694488853 1.03636442053355 0
44.11340921541 108.981951131327 1.07443626393517 0
43.9734947928221 108.711435833295 1.11250810733679 0
43.8439782867678 108.435791049604 1.15057995073841 0
43.7250474042489 108.155416269532 1.18865179414003 0
43.6168745106264 107.870717837498 1.22672363754165 0
43.519616379814 107.582108364148 1.26479548094327 0
43.5832335569806 107.802129159779 1.30286732434489 0
43.6582553193524 108.097300817103 1.34093916774651 0
43.721987703044 108.395114106575 1.37901101114814 0
43.7743383413371 108.695137410315 1.41708285454976 0
43.8152313629652 108.996935907494 1.45515469795138 0
43.8446075020732 109.300072204509 1.493226541353 0
43.862424184111 109.6041069689 1.53129838475462 0
43.868655587536 109.908599566065 1.56937022815624 0
43.8632926812364 110.21310869787 1.60744207155786 0
43.8463432376197 110.517193042219 1.64551391495948 0
43.8178318213482 110.820411892654 1.6835857583611 0
43.7777997537378 111.12232579707 1.72165760176272 0
43.7263050528713 111.422497194608 1.75972944516434 0
43.6634223495136 111.720491049806 1.79780128856596 0
43.5892427789497 112.015875483092 1.83587313196758 0
43.5038738489034 112.308222396706 1.87394497536921 0
43.4074392837276 112.597108095134 1.91201681877083 0
43.3000788450914 112.882113899168 1.95008866217245 0
43.1819481294254 113.162826752691 1.98816050557407 0
43.0532183424167 113.43883982132 2.02623234897569 0
42.9140760508827 113.709753082021 2.06430419237731 0
42.7647229123816 113.975173902864 2.10237603577893 0
42.6053753829516 114.234717612056 2.14044787918055 0
42.4362644034039 114.488008055448 2.17851972258217 0
42.257635064622 114.734678141683 2.21659156598379 0
42.0697462523542 114.974370374226 2.25466340938541 0
41.8728702720127 115.206737369476 2.29273525278703 0
41.6672924540244 115.431442360227 2.33080709618865 0
41.4533107403041 115.648159683739 2.36887893959028 0
41.2312352524501 115.856575253722 2.4069507829919 0
41.0013878422882 116.056387015535 2.44502262639352 0
40.7641016254152 116.247305383953 2.48309446979514 0
40.519720498417 116.429053662855 2.52116631319676 0
40.2685986404636 116.601368446246 2.55923815659838 0
40.0111 116.764 2.59731 0
