93.8028 8.59434 -0.847167 0
93.6059803983253 8.8193735751435 -0.852570372293265 0
93.4092485946739 9.04448415932132 -0.852570372293265 0
93.2125167910225 9.26959474349914 -0.852570372293265 0
93.0157849873711 9.49470532767696 -0.852570372293265 0
92.8190531837198 9.71981591185477 -0.852570372293265 0
92.6223213800684 9.94492649603259 -0.852570372293265 0
92.425589576417 10.1700370802104 -0.852570372293265 0
92.2288577727657 10.3951476643882 -0.852570372293265 0
92.0321259691143 10.620258248566 -0.852570372293265 0
91.8353941654629 10.8453688327439 -0.852570372293265 0
91.6386623618115 11.0704794169217 -0.852570372293265 0
91.4419305581601 11.2955900010995 -0.852570372293265 0
91.2451987545088 11.5207005852773 -0.852570372293265 0
91.0484669508574 11.7458111694551 -0.852570372293265 0
90.851735147206 11.970921753633 -0.852570372293265 0
90.6550033435546 12.1960323378108 -0.852570372293265 0
90.4582715399033 12.4211429219886 -0.852570372293265 0
90.2615397362519 12.6462535061664 -0.852570372293265 0
90.0648079326005 12.8713640903442 -0.852570372293265 0
89.8680761289491 13.0964746745221 -0.852570372293265 0
89.6713443252978 13.3215852586999 -0.852570372293265 0
89.4746125216464 13.5466958428777 -0.852570372293265 0
89.277880717995 13.7718064270555 -0.852570372293265 0
89.0811489143436 13.9969170112333 -0.852570372293265 0
88.8844171106923 14.2220275954112 -0.852570372293265 0
88.6876853070409 14.447138179589 -0.852570372293265 0
88.4909535033895 14.6722487637668 -0.852570372293265 0
88.2942216997381 14.8973593479446 -0.852570372293265 0
88.0974898960868 15.1224699321224 -0.852570372293265 0
87.9007580924354 15.3475805163003 -0.852570372293265 0
87.704026288784 15.5726911004781 -0.852570372293265 0
87.5072944851326 15.7978016846559 -0.852570372293265 0
87.3105626814812 16.0229122688337 -0.852570372293265 0
87.1138308778299 16.2480228530115 -0.852570372293265 0
86.9170990741785 16.4731334371893 -0.852570372293265 0
86.7203672705271 16.6982440213672 -0.852570372293265 0
86.5236354668757 16.923354605545 -0.852570372293265 0
86.3269036632244 17.1484651897228 -0.852570372293265 0
86.130171859573 17.3735757739006 -0.852570372293265 0
85.9334400559216 17.5986863580784 -0.852570372293265 0
85.7367082522702 17.8237969422563 -0.852570372293265 0
85.5399764486189 18.0489075264341 -0.852570372293265 0
85.3432446449675 18.2740181106119 -0.852570372293265 0
85.1465128413161 18.4991286947897 -0.852570372293265 0
84.9497810376647 18.7242392789675 -0.852570372293265 0
84.7530492340134 18.9493498631454 -0.852570372293265 0
84.556317430362 19.1744604473232 -0.852570372293265 0
84.3595856267106 19.399571031501 -0.852570372293265 0
84.1628538230592 19.6246816156788 -0.852570372293265 0
83.9661220194079 19.8497921998566 -0.852570372293265 0
83.7693902157565 20.0749027840345 -0.852570372293265 0
83.5726584121051 20.3000133682123 -0.852570372293265 0
83.3759266084537 20.5251239523901 -0.852570372293265 0
83.1791948048024 20.7502345365679 -0.852570372293265 0
82.982463001151 20.9753451207457 -0.852570372293265 0
82.7857311974996 21.2004557049235 -0.852570372293265 0
82.5889993938482 21.4255662891014 -0.852570372293265 0
82.3922675901969 21.6506768732792 -0.852570372293265 0
82.1955357865455 21.875787457457 -0.852570372293265 0
81.9988039828941 22.1008980416348 -0.852570372293265 0
81.8020721792427 22.3260086258126 -0.852570372293265 0
81.6053403755914 22.5511192099905 -0.852570372293265 0
81.40860857194 22.7762297941683 -0.852570372293265 0
81.2118767682886 23.0013403783461 -0.852570372293265 0
81.0151449646372 23.2264509625239 -0.852570372293265 0
80.8184131609858 23.4515615467017 -0.852570372293265 0
80.6216813573345 23.6766721308796 -0.852570372293265 0
80.4249495536831 23.9017827150574 -0.852570372293265 0
80.2282177500317 24.1268932992352 -0.852570372293265 0
80.0314859463803 24.352003883413 -0.852570372293265 0
79.834754142729 24.5771144675908 -0.852570372293265 0
79.6380223390776 24.8022250517687 -0.852570372293265 0
79.4412905354262 25.0273356359465 -0.852570372293265 0
79.2445587317748 25.2524462201243 -0.852570372293265 0
79.044016991316 25.474146235546 -0.816815464346744 0
78.8353398147008 25.688206069429 -0.779445235203748 0
78.6188107302659 25.8943199508536 -0.742075006060752 0
78.3947320930554 26.0922000682682 -0.704704776917756 0
78.1634168000939 26.2815701075148 -0.667334547774759 0
77.9251878534659 26.4621656376662 -0.629964318631763 0
77.6803779092849 26.6337344802695 -0.592594089488767 0
77.4285855256869 26.7964980782465 -0.555114529086038 0
77.1708710899648 26.9497125125691 -0.51763496868331 0
76.9089658920231 27.0956810450493 -0.50692621436841 0
76.6468365647103 27.2412493535281 -0.50692621436841 0
76.3847072373975 27.3868176620069 -0.50692621436841 0
76.1225779100847 27.5323859704857 -0.50692621436841 0
75.860448582772 27.6779542789645 -0.50692621436841 0
75.5983192554592 27.8235225874433 -0.50692621436841 0
75.3361899281464 27.9690908959221 -0.50692621436841 0
75.0740606008336 28.1146592044009 -0.50692621436841 0
74.8119312735208 28.2602275128797 -0.50692621436841 0
74.549801946208 28.4057958213585 -0.50692621436841 0
74.2876726188952 28.5513641298373 -0.50692621436841 0
74.0255432915824 28.6969324383161 -0.50692621436841 0
73.7626194467852 28.841046883793 -0.486574212807129 0
73.4950169707885 28.9762515734483 -0.4490946524044 0
73.2225361996891 29.1013340368292 -0.411615092001671 0
72.9455598471769 29.2161185889839 -0.374135531598942 0
72.6644769412242 29.3204440089233 -0.336655971196214 0
72.3796822776754 29.4141637660636 -0.299176410793485 0
72.0915758657351 29.497146226037 -0.261696850390756 0
71.8005623661342 29.5692748355787 -0.224217289988028 0
71.5071198043248 29.630435195926 -0.186746543008121 0
71.2115920352965 29.6805596858712 -0.149275796028214 0
70.9145404049969 29.7207596454863 -0.129058747086756 0
70.6172674409982 29.7593397588389 -0.129058747086756 0
70.3199944769995 29.7979198721915 -0.129058747086756 0
70.0227215130008 29.836499985544 -0.129058747086756 0
69.7254485490021 29.8750800988966 -0.129058747086756 0
69.4281755850034 29.9136602122492 -0.129058747086756 0
69.1309026210048 29.9522403256017 -0.129058747086756 0
68.8336296570061 29.9908204389543 -0.129058747086756 0
68.5363566930074 30.0294005523068 -0.129058747086756 0
68.2390837728119 30.0679810029209 -0.129350335039662 0
67.9412200445382 30.1010652284721 -0.0918862120599066 0
67.64232614513 30.1229696457883 -0.0544220890801515 0
67.342864341947 30.1351076849623 -0.0359633552726637 0
67.0433451560503 30.1458840461717 -0.0359633552726637 0
66.7438259701537 30.156660407381 -0.0359633552726637 0
66.4443067842571 30.1674367685904 -0.0359633552726637 0
66.1447875983604 30.1782131297998 -0.0359633552726637 0
65.8452684124638 30.1889894910091 -0.0359633552726637 0
65.5457492265671 30.1997658522185 -0.0359633552726637 0
65.2462300406705 30.2105422134278 -0.0359633552726637 0
64.9467108547739 30.2213185746372 -0.0359633552726637 0
64.6471916688772 30.2320949358466 -0.0359633552726637 0
64.3476724829806 30.2428712970559 -0.0359633552726637 0
64.0481532970839 30.2536476582653 -0.0359633552726637 0
63.7486341111873 30.2644240194747 -0.0359633552726637 0
63.4491149252906 30.275200380684 -0.0359633552726637 0
63.149595739394 30.2859767418934 -0.0359633552726637 0
62.8500765534974 30.2967531031027 -0.0359633552726637 0
62.5505573676007 30.3075294643121 -0.0359633552726637 0
62.2510381817041 30.3183058255215 -0.0359633552726637 0
61.9515189958074 30.3290821867308 -0.0359633552726637 0
61.6519998099108 30.3398585479402 -0.0359633552726637 0
61.3524806240141 30.3506349091495 -0.0359633552726637 0
61.0529614381175 30.3614112703589 -0.0359633552726637 0
60.7534422522209 30.3721876315683 -0.0359633552726637 0
60.4539230663242 30.3829639927776 -0.0359633552726637 0
60.1544038804276 30.393740353987 -0.0359633552726637 0
59.8548846945309 30.4045167151964 -0.0359633552726637 0
59.5553655086343 30.4152930764057 -0.0359633552726637 0
59.2558463227377 30.4260694376151 -0.0359633552726637 0
58.956327136841 30.4368457988244 -0.0359633552726637 0
58.6568079509444 30.4476221600338 -0.0359633552726637 0
58.3572887650477 30.4583985212432 -0.0359633552726637 0
58.0577695791511 30.4691748824525 -0.0359633552726637 0
57.7582503932545 30.4799512436619 -0.0359633552726637 0
57.4587312073578 30.4907276048713 -0.0359633552726637 0
57.1592120214612 30.5015039660806 -0.0359633552726637 0
56.8596928355645 30.51228032729 -0.0359633552726637 0
56.5601736496679 30.5230566884993 -0.0359633552726637 0
56.2606544637712 30.5338330497087 -0.0359633552726637 0
55.9611352778746 30.5446094109181 -0.0359633552726637 0
55.661616091978 30.5553857721274 -0.0359633552726637 0
55.362150535965 30.5674405643186 -0.0538488713263476 0
55.0632441296616 30.5891736467559 -0.0913129943061026 0
54.7653614858594 30.6220871261038 -0.128777117285858 0
54.4689206519742 30.6661348117055 -0.166241240265613 0
54.1743376519913 30.7212548871995 -0.203705363245368 0
53.8820259026185 30.7873699972731 -0.241169486225123 0
53.5923956330989 30.8643873562217 -0.278633609204878 0
53.3058533094965 30.9521988781647 -0.316097732184633 0
53.0228010642633 31.0506813287325 -0.353561855164388 0
52.743636131888 31.1596964980131 -0.391025978144143 0
52.4687502914185 31.2790913945154 -0.428490101123898 0
52.198529316641 31.4086984598772 -0.465954224103654 0
51.933352434686 31.5483358040156 -0.503418347083408 0
51.6735917938225 31.6978074603911 -0.540882470063164 0
51.4196119411867 31.8569036610261 -0.578346593042919 0
51.1717693111775 32.0254011308929 -0.615810716022674 0
50.930411725238 32.2030634012568 -0.653274839002428 0
50.6958779037242 32.3896411415355 -0.690738961982184 0
50.4684969905457 32.5848725092087 -0.728203084961939 0
50.2485880912471 32.788483517287 -0.765667207941694 0
50.0364598251754 33.0001884188242 -0.803131330921449 0
49.8324098923659 33.2196901079334 -0.840595453901204 0
49.63672465575 33.4466805367448 -0.878059576880959 0
49.4496787392751 33.6808411477183 -0.915523699860714 0
49.2715346424983 33.9218433207064 -0.952987822840469 0
49.1025423721954 34.1693488341385 -0.990451945820224 0
48.9429390915022 34.4230103396796 -1.02791606879998 0
48.7929487870809 34.6824718496979 -1.06538019177973 0
48.6527819547775 34.9473692368565 -1.10284431475949 0
48.5226353042134 35.2173307451282 -1.14030843773924 0
48.4026914827234 35.491977511517 -1.177772560719 0
48.2931188190292 35.7709240977523 -1.21523668369875 0
48.1940710870074 36.0537790312125 -1.25270080667851 0
48.1056872898838 36.3401453543153 -1.29016492965826 0
48.0280914651571 36.6296211816073 -1.32762905263802 0
47.9613925105247 36.9218002637681 -1.36509317561778 0
47.9056840310562 37.2162725577394 -1.40255729859753 0
47.8610442078287 37.5126248021777 -1.44002142157729 0
47.8275356882071 37.8104410974239 -1.47748554455704 0
47.8052054979259 38.1093034891754 -1.5149496675368 0
47.7940849750925 38.4087925550414 -1.55241379051655 0
47.7941897262082 38.7084879931592 -1.58987791349631 0
47.79029286916 38.6790095699466 -1.62734203647606 0
47.7677537644704 38.3801628611455 -1.66480615945582 0
47.734037064446 38.0823700628094 -1.70227028243557 0
47.6891900869806 37.7860490962653 -1.73973440541533 0
47.6332757701588 37.4916158172771 -1.77719852839508 0
47.6893362054771 37.7869060565592 -1.73962573938733 0
47.7342648072122 38.0840937389579 -1.70205295037957 0
47.767998156468 38.3827593696745 -1.66448016137182 0
47.7904886369892 38.6824813677148 -1.62690737236406 0
47.8022458237201 38.9828224236166 -1.60096977329044 0
47.8113140518762 39.2832679154494 -1.60096977329044 0
47.8203822800323 39.5837134072823 -1.60096977329044 0
47.8294505081885 39.8841588991151 -1.60096977329044 0
47.8385187363446 40.1846043909479 -1.60096977329044 0
47.8475869645007 40.4850498827808 -1.60096977329044 0
47.8566551926569 40.7854953746136 -1.60096977329044 0
47.865723420813 41.0859408664464 -1.60096977329044 0
47.8747916489691 41.3863863582793 -1.60096977329044 0
47.8838598771252 41.6868318501121 -1.60096977329044 0
47.8929281052814 41.9872773419449 -1.60096977329044 0
47.9019963334375 42.2877228337777 -1.60096977329044 0
47.9110645615936 42.5881683256106 -1.60096977329044 0
47.9201327897497 42.8886138174434 -1.60096977329044 0
47.9292010179059 43.1890593092762 -1.60096977329044 0
47.938269246062 43.4895048011091 -1.60096977329044 0
47.9473374742181 43.7899502929419 -1.60096977329044 0
47.9564057023742 44.0903957847747 -1.60096977329044 0
47.9654739305304 44.3908412766075 -1.60096977329044 0
47.9745421586865 44.6912867684404 -1.60096977329044 0
47.9836103868426 44.9917322602732 -1.60096977329044 0
47.9926786149987 45.292177752106 -1.60096977329044 0
48.0017468431549 45.5926232439389 -1.60096977329044 0
48.010815071311 45.8930687357717 -1.60096977329044 0
48.0198832994671 46.1935142276045 -1.60096977329044 0
48.0289515276232 46.4939597194373 -1.60096977329044 0
48.0380197557794 46.7944052112702 -1.60096977329044 0
48.0470879839355 47.094850703103 -1.60096977329044 0
48.0561562120916 47.3952961949358 -1.60096977329044 0
48.0652244402477 47.6957416867687 -1.60096977329044 0
48.0742926684039 47.9961871786015 -1.60096977329044 0
48.08336089656 48.2966326704343 -1.60096977329044 0
48.0924291247161 48.5970781622671 -1.60096977329044 0
48.1014973528723 48.8975236541 -1.60096977329044 0
48.1105655810284 49.1979691459328 -1.60096977329044 0
48.1196338091845 49.4984146377656 -1.60096977329044 0
48.1287020373406 49.7988601295985 -1.60096977329044 0
48.1377702654967 50.0993056214313 -1.60096977329044 0
48.1468384936529 50.3997511132641 -1.60096977329044 0
48.155906721809 50.7001966050969 -1.60096977329044 0
48.1649749499651 51.0006420969298 -1.60096977329044 0
48.1740431781213 51.3010875887626 -1.60096977329044 0
48.1831114062774 51.6015330805954 -1.60096977329044 0
48.1921796344335 51.9019785724283 -1.60096977329044 0
48.2012478625896 52.2024240642611 -1.60096977329044 0
48.2103160907458 52.5028695560939 -1.60096977329044 0
48.2193843189019 52.8033150479267 -1.60096977329044 0
48.228452547058 53.1037605397596 -1.60096977329044 0
48.2375207752141 53.4042060315924 -1.60096977329044 0
48.2465890033703 53.7046515234252 -1.60096977329044 0
48.2556572315264 54.0050970152581 -1.60096977329044 0
48.2647254596825 54.3055425070909 -1.60096977329044 0
48.2737936878386 54.6059879989237 -1.60096977329044 0
48.2828619159948 54.9064334907566 -1.60096977329044 0
48.2919301441509 55.2068789825894 -1.60096977329044 0
48.300998372307 55.5073244744222 -1.60096977329044 0
48.3100666004631 55.807769966255 -1.60096977329044 0
48.3191348286193 56.1082154580879 -1.60096977329044 0
48.3282030567754 56.4086609499207 -1.60096977329044 0
48.3372712849315 56.7091064417535 -1.60096977329044 0
48.3463395130876 57.0095519335864 -1.60096977329044 0
48.3554077412438 57.3099974254192 -1.60096977329044 0
48.3644759693999 57.610442917252 -1.60096977329044 0
48.373544197556 57.9108884090848 -1.60096977329044 0
48.3826124257121 58.2113339009177 -1.60096977329044 0
48.3916806538683 58.5117793927505 -1.60096977329044 0
48.4007488820244 58.8122248845833 -1.60096977329044 0
48.4098171101805 59.1126703764162 -1.60096977329044 0
48.4188853383367 59.413115868249 -1.60096977329044 0
48.4279535664928 59.7135613600818 -1.60096977329044 0
48.4370217946489 60.0140068519146 -1.60096977329044 0
48.446090022805 60.3144523437475 -1.60096977329044 0
48.4551582509612 60.6148978355803 -1.60096977329044 0
48.4642264791173 60.9153433274131 -1.60096977329044 0
48.4732947072734 61.215788819246 -1.60096977329044 0
48.4823629354295 61.5162343110788 -1.60096977329044 0
48.4914311635857 61.8166798029116 -1.60096977329044 0
48.5041885469374 62.1169765385787 -1.63135170773536 0
48.528010866034 62.4165956216429 -1.66892449674312 0
48.5630712479949 62.7151083809014 -1.70649728575087 0
48.6093202033939 63.0120934511454 -1.74407007475863 0
48.6666924495919 63.3071316235733 -1.78164286376638 0
48.725759306094 63.6118869528211 -1.74283709784106 0
48.7729583981331 63.9187044066151 -1.70403133191574 0
48.8082186581069 64.2271220103742 -1.66522556599042 0
48.8314869946947 64.536675380174 -1.62641980006509 0
48.8427283727969 64.8468984219687 -1.58761403413977 0
48.8419258662874 65.1573240333883 -1.54880826821445 0
48.8290806834989 65.4674848070543 -1.51000250228913 0
48.8042121654041 65.7769137343538 -1.47119673636381 0
48.7673577564933 66.085144908614 -1.43239097043848 0
48.718572948395 66.3917142266169 -1.39358520451316 0
48.6579311963217 66.6961600873992 -1.35477943858784 0
48.5855238084687 66.9980240872837 -1.31597367266252 0
48.5014598085316 67.2968517100975 -1.2771679067372 0
48.4058657715494 67.592193011536 -1.23836214081188 0
48.2988856333205 67.8836032966436 -1.19955637488655 0
48.1806804736789 68.1706437893899 -1.16075060896123 0
48.0514282739567 68.4528822933346 -1.12194484303591 0
47.9113236489977 68.7298938423845 -1.08313907711059 0
47.7605775541258 69.0012613406648 -1.04433331118527 0
47.6459614916488 69.1927540886344 -1.00552754525994 0
47.817293910753 68.9338913713384 -0.966721779334622 0
47.9985401873791 68.6818705558268 -0.9279160134093 0
48.1894274192797 68.4370711094645 -0.889110247483978 0
48.3896681878352 68.1998616264115 -0.850304481558656 0
48.5989609908202 67.9705992726317 -0.811498715633334 0
48.8169906963742 67.7496292481081 -0.772692949708012 0
49.0434290174959 67.5372842670759 -0.73388718378269 0
49.277935006344 67.3338840570555 -0.695081417857368 0
49.5201555676018 67.1397348774386 -0.656275651932047 0
49.7697259901328 66.9551290583546 -0.617469886006725 0
50.0262704961251 66.7803445605091 -0.578664120081403 0
50.2894028068999 66.6156445566588 -0.539858354156081 0
50.5587267245306 66.4612770353533 -0.501052588230759 0
50.8338367283974 66.3174744275383 -0.462246822305437 0
51.114318585779 66.1844532565853 -0.423441056380115 0
51.3997499755626 66.0624138122724 -0.384635290454793 0
51.6897011241314 65.9515398492083 -0.345829524529471 0
51.9837354524751 65.8519983101532 -0.307023758604149 0
52.2814102335453 65.7639390746536 -0.268217992678827 0
52.5822772588696 65.6874947333687 -0.229412226753505 0
52.8849261507069 65.6183821689949 -0.238048106672103 0
53.1851218010608 65.5393424590347 -0.276853872597425 0
53.4820250226111 65.4487158554628 -0.315659638522746 0
53.7751887686215 65.3466388146206 -0.354465404448068 0
54.0641716228783 65.2332650337558 -0.39327117037339 0
54.3485384643301 65.1087652196006 -0.432076936298712 0
54.6278611222493 64.9733268313389 -0.470882702224034 0
54.9017190209278 64.8271537983493 -0.509688468149356 0
55.1696998129372 64.6704662131488 -0.548494234074678 0
55.4314 64.5035 -0.5873 0
