41.237 75.1587 2.64272 0
41.4951686945366 75.0117588309287 2.60558575811188 0
41.7477041134692 74.8553342670289 2.56845151622376 0
41.9942580626117 74.6896419854675 2.53131727433564 0
42.2344905949892 74.5149104416803 2.49418303244752 0
42.468070479555 74.3313805543786 2.4570487905594 0
42.6946756578898 74.1393053733724 2.41991454867128 0
42.9139936882539 73.9389497306667 2.38278030678316 0
43.1257221763792 73.7305898753132 2.34564606489504 0
43.3295691924092 73.5145130925197 2.30851182300692 0
43.5252536734096 73.2910173075429 2.2713775811188 0
43.712505810896 73.0604106749117 2.23424333923068 0
43.8910674228441 72.8230111535448 2.19710909734256 0
44.0606923096697 72.5791460683518 2.15997485545444 0
44.2211465936866 72.3291516589196 2.12284061356632 0
44.3722222593213 72.0733801175012 2.0876556097818 0
44.5190219733261 71.8151113294396 2.0876556097818 0
44.665821687331 71.5568425413779 2.0876556097818 0
44.8126214013358 71.2985737533162 2.0876556097818 0
44.9594211153406 71.0403049652546 2.0876556097818 0
45.1062208293455 70.7820361771929 2.0876556097818 0
45.2530205433503 70.5237673891312 2.0876556097818 0
45.3998202573552 70.2654986010696 2.0876556097818 0
45.54661997136 70.0072298130079 2.0876556097818 0
45.6934196853648 69.7489610249462 2.0876556097818 0
45.8372134378349 69.489022308104 2.0583351631061 0
45.9714740100601 69.2240376278817 2.02120092121798 0
46.0958042795998 68.9542511084206 1.98406667932986 0
46.2100328206901 68.6800347296115 1.94693243744174 0
46.3140021357648 68.4017665792068 1.90979819555362 0
46.4082919399292 68.1175069770051 1.8723597949238 0
46.4918759329607 67.8299173305953 1.83492139429399 0
46.5646369743895 67.5394006882779 1.79748299366418 0
46.6264730917889 67.2463642004505 1.76004459303437 0
46.6772976236872 66.9512185489993 1.72260619240455 0
46.7170393410209 66.6543773717402 1.68516779177474 0
46.74564254696 66.3562566827177 1.64772939114493 0
46.7647333850998 66.057362867375 1.63071525460189 0
46.7826687990124 65.7583931585452 1.63071525460189 0
46.800604212925 65.4594234497155 1.63071525460189 0
46.8185396268376 65.1604537408857 1.63071525460189 0
46.8364750407502 64.8614840320559 1.63071525460189 0
46.8544104546628 64.5625143232262 1.63071525460189 0
46.8723458685754 64.2635446143964 1.63071525460189 0
46.890281282488 63.9645749055666 1.63071525460189 0
46.9082166964006 63.6656051967369 1.63071525460189 0
46.9261521103132 63.3666354879071 1.63071525460189 0
46.9440875242258 63.0676657790773 1.63071525460189 0
46.9620229381384 62.7686960702475 1.63071525460189 0
46.979958352051 62.4697263614178 1.63071525460189 0
46.9978937659636 62.170756652588 1.63071525460189 0
47.0158291798762 61.8717869437582 1.63071525460189 0
47.0337645937888 61.5728172349285 1.63071525460189 0
47.0517000077014 61.2738475260987 1.63071525460189 0
47.069635421614 60.9748778172689 1.63071525460189 0
47.0875708355266 60.6759081084391 1.63071525460189 0
47.1055062494392 60.3769383996094 1.63071525460189 0
47.1234416633518 60.0779686907796 1.63071525460189 0
47.1413770772644 59.7789989819498 1.63071525460189 0
47.159312491177 59.4800292731201 1.63071525460189 0
47.1772479050896 59.1810595642903 1.63071525460189 0
47.1951833190022 58.8820898554605 1.63071525460189 0
47.2131187329148 58.5831201466308 1.63071525460189 0
47.2310541468274 58.284150437801 1.63071525460189 0
47.24898956074 57.9851807289712 1.63071525460189 0
47.2669249746526 57.6862110201414 1.63071525460189 0
47.2848603885652 57.3872413113117 1.63071525460189 0
47.3027958024778 57.0882716024819 1.63071525460189 0
47.3207312163904 56.7893018936521 1.63071525460189 0
47.3386666303031 56.4903321848224 1.63071525460189 0
47.3566020442156 56.1913624759926 1.63071525460189 0
47.3745374581283 55.8923927671628 1.63071525460189 0
47.3924728720409 55.593423058333 1.63071525460189 0
47.4104082859535 55.2944533495033 1.63071525460189 0
47.4283436998661 54.9954836406735 1.63071525460189 0
47.4462791137787 54.6965139318437 1.63071525460189 0
47.4642145276913 54.397544223014 1.63071525460189 0
47.4821499416039 54.0985745141842 1.63071525460189 0
47.5000853555165 53.7996048053544 1.63071525460189 0
47.5180207694291 53.5006350965247 1.63071525460189 0
47.5359561833417 53.2016653876949 1.63071525460189 0
47.5538915972543 52.9026956788651 1.63071525460189 0
47.5718270111669 52.6037259700353 1.63071525460189 0
47.5897624250795 52.3047562612056 1.63071525460189 0
47.6076978389921 52.0057865523758 1.63071525460189 0
47.6256332529047 51.706816843546 1.63071525460189 0
47.6435686668173 51.4078471347163 1.63071525460189 0
47.6615040807299 51.1088774258865 1.63071525460189 0
47.6794394946425 50.8099077170567 1.63071525460189 0
47.6973749085551 50.5109380082269 1.63071525460189 0
47.7153103224677 50.2119682993972 1.63071525460189 0
47.7332457363803 49.9129985905674 1.63071525460189 0
47.7511811502929 49.6140288817376 1.63071525460189 0
47.7691165642055 49.3150591729079 1.63071525460189 0
47.7870519781181 49.0160894640781 1.63071525460189 0
47.8049873920307 48.7171197552483 1.63071525460189 0
47.8229228059433 48.4181500464186 1.63071525460189 0
47.8408582198559 48.1191803375888 1.63071525460189 0
47.8587936337685 47.820210628759 1.63071525460189 0
47.8767290476811 47.5212409199292 1.63071525460189 0
47.8946644615937 47.2222712110995 1.63071525460189 0
47.9125998755063 46.9233015022697 1.63071525460189 0
47.9305352894189 46.6243317934399 1.63071525460189 0
47.9484707033315 46.3253620846102 1.63071525460189 0
47.9664061172441 46.0263923757804 1.63071525460189 0
47.9843415311567 45.7274226669506 1.63071525460189 0
48.0022769450693 45.4284529581208 1.63071525460189 0
48.0202123589819 45.1294832492911 1.63071525460189 0
48.0381477728945 44.8305135404613 1.63071525460189 0
48.0560831868071 44.5315438316315 1.63071525460189 0
48.0740186007197 44.2325741228018 1.63071525460189 0
48.0919540146323 43.933604413972 1.63071525460189 0
48.1098894285449 43.6346347051422 1.63071525460189 0
48.1278248424575 43.3356649963125 1.63071525460189 0
48.1457602563701 43.0366952874827 1.63071525460189 0
48.1636956702827 42.7377255786529 1.63071525460189 0
48.1816310841953 42.4387558698231 1.63071525460189 0
48.1995664981079 42.1397861609934 1.63071525460189 0
48.2175019120205 41.8408164521636 1.63071525460189 0
48.2354373259331 41.5418467433338 1.63071525460189 0
48.2533727398457 41.2428770345041 1.63071525460189 0
48.2713081537583 40.9439073256743 1.63071525460189 0
48.2892435676709 40.6449376168445 1.63071525460189 0
48.3071789815835 40.3459679080147 1.63071525460189 0
48.3251143954961 40.046998199185 1.63071525460189 0
48.3430498094087 39.7480284903552 1.63071525460189 0
48.3609852233213 39.4490587815254 1.63071525460189 0
48.3789206372339 39.1500890726957 1.63071525460189 0
48.3967033930305 38.8511105215107 1.6245323315456 0
48.4071884227095 38.5518044026861 1.58709393091578 0
48.4064631802675 38.2523155671069 1.54965553028597 0
48.39452868211 37.9530637394317 1.51221712965616 0
48.3714016540799 37.6544683121597 1.47477872902635 0
48.3371145080162 37.3569477578647 1.43734032839653 0
48.2917152963302 37.0609190427178 1.39990192776672 0
48.2352676446611 36.7667970421224 1.36246352713691 0
48.1678506627069 36.4749939592781 1.3250251265071 0
48.0895588333544 36.1859187474909 1.28758672587728 0
48.0005018802642 35.8999765370365 1.25014832524747 0
47.9008046140963 35.6175680673833 1.21270992461766 0
47.7906067575919 35.3390891255671 1.17527152398785 0
47.6700627497556 35.0649299915081 1.13783312335803 0
47.5393415294143 34.7954748910448 1.10039472272822 0
47.3986262984544 34.531101457453 1.06295632209841 0
47.2481142650694 34.2721802022043 1.0255179214686 0
47.0880163673791 34.0190739957052 0.988079520838784 0
46.9185569778057 33.772137558745 0.950641120208971 0
46.7410181659778 33.5330698946308 0.913416376702985 0
46.5547051687035 33.3007751577621 0.876191633196999 0
46.3598761266512 33.0755751974973 0.838966889691013 0
46.1568009796528 32.8577820332293 0.801742146185026 0
45.9457610926961 32.6476974220757 0.76451740267904 0
45.7270488660876 32.4456124407877 0.727292659173054 0
45.5009673303253 32.2518070824571 0.690067915667068 0
45.2678297262441 32.06654986858 0.652843172161082 0
45.027959071013 31.8900974770142 0.615618428655096 0
44.8115605160809 31.7422451648154 0.57839368514911 0
45.0638913674272 31.9003670139987 0.541168941643123 0
45.3219320998689 32.0489885404718 0.503944198137137 0
45.5853251924164 32.1879038259105 0.466719454631151 0
45.8537057082699 32.3169204001964 0.429494711125165 0
46.1267018004473 32.4358595080885 0.392269967619179 0
46.403935226986 32.5445563568923 0.355045224113193 0
46.6850218750055 32.642860344784 0.317820480607206 0
46.9695722929041 32.730635269472 0.28059573710122 0
47.2571922299522 32.8077595169088 0.243370993595234 0
47.5474831825355 32.8741262297892 0.206146250089248 0
47.84004294629 32.929643455604 0.168921506583262 0
48.1342911043085 32.9754412432819 0.156391047808763 0
48.4275235387137 33.0272882985799 0.193615791314749 0
48.7186232855539 33.0900124177037 0.230840534820736 0
49.0071870198632 33.163526695036 0.268065278326722 0
48.7198436609461 33.0902993436226 0.230997241283204 0
48.4299839173665 33.027771110314 0.193929204239686 0
48.1380060222216 32.9760279015271 0.156861167196167 0
48.3972755028003 33.0115086743076 0.119793130152649 0
48.6922839125451 33.041483481874 0.0827250931091314 0
48.988200521755 33.0605048199571 0.0456570560656133 0
49.2846187759137 33.0685465554822 0.00858901902209525 0
49.5811314313039 33.0655976400532 -0.0284790180214228 0
49.8773311145122 33.0516621251321 -0.0655470550649409 0
50.1728108821118 33.0267591564725 -0.102615092108459 0
50.4671647797552 32.990922947816 -0.139683129151977 0
50.7599883999076 32.9442027338863 -0.176751166195495 0
51.0508794374546 32.8866627027464 -0.213819203239013 0
51.3394382424227 32.818381907612 -0.250887240282531 0
51.6252683690505 32.7394541582417 -0.287955277326049 0
51.9079771204592 32.649987892053 -0.325023314369567 0
52.187176088171 32.5501060251429 -0.362091351413085 0
52.462481685737 32.439945783415 -0.399159388456603 0
52.7335156757399 32.3196585140474 -0.436227425500121 0
52.999905689447 32.1894094775599 -0.47329546254364 0
53.2652403724356 32.0570190972218 -0.444770377993621 0
53.5352368762639 31.9344208148959 -0.407702340950103 0
53.8095913454448 31.8219126989696 -0.370634303906585 0
54.0879268492988 31.7196493223235 -0.333566266863067 0
54.3790227111517 31.6249782390719 -0.295300982178132 0
54.6735272150263 31.5415126054883 -0.257035697493196 0
54.9703689409349 31.4667146616852 -0.244923705857539 0
55.2673552524436 31.3924854252237 -0.244923705857539 0
55.5643415639524 31.3182561887623 -0.244923705857539 0
55.8613278754611 31.2440269523009 -0.244923705857539 0
56.1583141869699 31.1697977158394 -0.244923705857539 0
56.4553004984787 31.095568479378 -0.244923705857539 0
56.7524854415807 31.0221505471475 -0.230473180696012 0
57.0523947852144 30.9578190233611 -0.192129405241614 0
57.3545497948366 30.9050316241856 -0.153785629787215 0
57.658506282946 30.8638659505284 -0.115441854332816 0
57.9638174137511 30.8343825186052 -0.0770980788784179 0
58.2700343600475 30.816624670977 -0.0387543034240194 0
58.5766939601605 30.8094957210235 -0.0171651978837513 0
58.8833989738489 30.8042305516446 -0.0171651978837513 0
59.1901039875374 30.7989653822656 -0.0171651978837513 0
59.4968090012259 30.7937002128867 -0.0171651978837513 0
59.8035140149143 30.7884350435077 -0.0171651978837513 0
60.1102190286028 30.7831698741288 -0.0171651978837513 0
60.4169240422912 30.7779047047499 -0.0171651978837513 0
60.7236290559797 30.7726395353709 -0.0171651978837513 0
61.0303340696682 30.767374365992 -0.0171651978837513 0
61.3370390833566 30.762109196613 -0.0171651978837513 0
61.6437440970451 30.7568440272341 -0.0171651978837513 0
61.9504491107336 30.7515788578551 -0.0171651978837513 0
62.257154124422 30.7463136884762 -0.0171651978837513 0
62.5638591381105 30.7410485190972 -0.0171651978837513 0
62.870564151799 30.7357833497183 -0.0171651978837513 0
63.1772691654874 30.7305181803393 -0.0171651978837513 0
63.4839741791759 30.7252530109604 -0.0171651978837513 0
63.7906791928643 30.7199878415814 -0.0171651978837513 0
64.0973842065528 30.7147226722025 -0.0171651978837513 0
64.4040892202413 30.7094575028235 -0.0171651978837513 0
64.7107942339297 30.7041923334446 -0.0171651978837513 0
65.0174992476182 30.6989271640657 -0.0171651978837513 0
65.3242042613067 30.6936619946867 -0.0171651978837513 0
65.6308567667924 30.6862825487633 -0.0401595424547802 0
65.9370484567337 30.6680944108051 -0.0785033179091785 0
66.2332581657447 30.6392401800162 -0.115706933167345 0
66.5281896710567 30.599388385562 -0.152910548425512 0
66.8214348024048 30.5485941803075 -0.190114163683678 0
67.1130664303351 30.4891585299347 -0.203435291163941 0
67.4045577407963 30.4290270807971 -0.203435291163941 0
67.6960490512575 30.3688956316594 -0.203435291163941 0
67.9875403617187 30.3087641825217 -0.203435291163941 0
68.2790316721798 30.248632733384 -0.203435291163941 0
68.570522982641 30.1885012842464 -0.203435291163941 0
68.8620142931022 30.1283698351087 -0.203435291163941 0
69.1535056035634 30.068238385971 -0.203435291163941 0
69.4449969140246 30.0081069368334 -0.203435291163941 0
69.7364882244857 29.9479754876957 -0.203435291163941 0
70.0279795349469 29.887844038558 -0.203435291163941 0
70.3194708454081 29.8277125894204 -0.203435291163941 0
70.6109621558693 29.7675811402827 -0.203435291163941 0
70.9024534663304 29.707449691145 -0.203435291163941 0
71.1939447767916 29.6473182420073 -0.203435291163941 0
71.4854360872528 29.5871867928697 -0.203435291163941 0
71.776927397714 29.527055343732 -0.203435291163941 0
72.0684187081752 29.4669238945943 -0.203435291163941 0
72.3599100186363 29.4067924454567 -0.203435291163941 0
72.6514013290975 29.346660996319 -0.203435291163941 0
72.9428926395587 29.2865295471813 -0.203435291163941 0
73.2343839500199 29.2263980980436 -0.203435291163941 0
73.5258752604811 29.166266648906 -0.203435291163941 0
73.8173308625336 29.1059640085442 -0.210047324812385 0
74.1071968201133 29.0385067258888 -0.247250940070552 0
74.3943531219002 28.9603145479498 -0.284454555328719 0
74.6784023581175 28.8714956887407 -0.321658170586885 0
74.9589514190094 28.7721730690641 -0.358861785845052 0
75.2356120388859 28.6624841463947 -0.396065401103218 0
75.508001333462 28.5425807246457 -0.433269016361385 0
75.7757423297509 28.4126287440796 -0.470472631619552 0
76.038464487775 28.2728080516554 -0.507676246877718 0
76.2958042133746 28.1233121521293 -0.544879862135885 0
76.547405361404 27.9643479402541 -0.582083477394051 0
76.7929197286181 27.7961354144475 -0.619287092652218 0
77.0320075355683 27.618907372325 -0.656490707910385 0
77.2705225761068 27.427760856186 -0.694700200889 0
77.5015616915535 27.2276425353638 -0.732909693867616 0
77.7247876138409 27.018844540129 -0.771119186846232 0
77.9398744805049 26.8016716712346 -0.809328679824847 0
78.1465083103751 26.5764409549717 -0.847538172803463 0
78.3473698087174 26.3460234886357 -0.854446708018565 0
78.5480876094364 26.1154803319161 -0.854446708018565 0
78.7488054101554 25.8849371751965 -0.854446708018565 0
78.9495232108743 25.6543940184769 -0.854446708018565 0
79.1502410115933 25.4238508617572 -0.854446708018565 0
79.3509588123123 25.1933077050376 -0.854446708018565 0
79.5516766130312 24.962764548318 -0.854446708018565 0
79.7523944137502 24.7322213915984 -0.854446708018565 0
79.9531122144692 24.5016782348788 -0.854446708018565 0
80.1538300151882 24.2711350781592 -0.854446708018565 0
80.3545478159071 24.0405919214396 -0.854446708018565 0
80.5552656166261 23.8100487647199 -0.854446708018565 0
80.7559834173451 23.5795056080003 -0.854446708018565 0
80.956701218064 23.3489624512807 -0.854446708018565 0
81.157419018783 23.1184192945611 -0.854446708018565 0
81.358136819502 22.8878761378415 -0.854446708018565 0
81.5588546202209 22.6573329811219 -0.854446708018565 0
81.7595724209399 22.4267898244023 -0.854446708018565 0
81.9602902216589 22.1962466676827 -0.854446708018565 0
82.1610080223779 21.965703510963 -0.854446708018565 0
82.3617258230968 21.7351603542434 -0.854446708018565 0
82.5624436238158 21.5046171975238 -0.854446708018565 0
82.7631614245348 21.2740740408042 -0.854446708018565 0
82.9638792252537 21.0435308840846 -0.854446708018565 0
83.1645970259727 20.812987727365 -0.854446708018565 0
83.3653148266917 20.5824445706454 -0.854446708018565 0
83.5660326274106 20.3519014139257 -0.854446708018565 0
83.7667504281296 20.1213582572061 -0.854446708018565 0
83.9674682288486 19.8908151004865 -0.854446708018565 0
84.1681860295676 19.6602719437669 -0.854446708018565 0
84.3689038302865 19.4297287870473 -0.854446708018565 0
84.5696216310055 19.1991856303277 -0.854446708018565 0
84.7703394317245 18.9686424736081 -0.854446708018565 0
84.9710572324434 18.7380993168884 -0.854446708018565 0
85.1717750331624 18.5075561601688 -0.854446708018565 0
85.3724928338814 18.2770130034492 -0.854446708018565 0
85.5732106346003 18.0464698467296 -0.854446708018565 0
85.7739284353193 17.81592669001 -0.854446708018565 0
85.9746462360383 17.5853835332904 -0.854446708018565 0
86.1753640367573 17.3548403765708 -0.854446708018565 0
86.3760818374762 17.1242972198511 -0.854446708018565 0
86.5767996381952 16.8937540631315 -0.854446708018565 0
86.7775174389142 16.6632109064119 -0.854446708018565 0
86.9782352396331 16.4326677496923 -0.854446708018565 0
87.1789530403521 16.2021245929727 -0.854446708018565 0
87.3796708410711 15.9715814362531 -0.854446708018565 0
87.5803886417901 15.7410382795335 -0.854446708018565 0
87.781106442509 15.5104951228139 -0.854446708018565 0
87.981824243228 15.2799519660942 -0.854446708018565 0
88.182542043947 15.0494088093746 -0.854446708018565 0
88.3832598446659 14.818865652655 -0.854446708018565 0
88.5839776453849 14.5883224959354 -0.854446708018565 0
88.7846954461039 14.3577793392158 -0.854446708018565 0
88.9854132468228 14.1272361824962 -0.854446708018565 0
89.1861310475418 13.8966930257766 -0.854446708018565 0
89.3868488482608 13.6661498690569 -0.854446708018565 0
89.5875666489797 13.4356067123373 -0.854446708018565 0
89.7882844496987 13.2050635556177 -0.854446708018565 0
89.9890022504177 12.9745203988981 -0.854446708018565 0
90.1897200511367 12.7439772421785 -0.854446708018565 0
90.3904378518556 12.5134340854589 -0.854446708018565 0
90.5911556525746 12.2828909287393 -0.854446708018565 0
90.7918734532936 12.0523477720196 -0.854446708018565 0
90.9925912540125 11.8218046153 -0.854446708018565 0
91.1933090547315 11.5912614585804 -0.854446708018565 0
91.3940268554505 11.3607183018608 -0.854446708018565 0
91.5947446561695 11.1301751451412 -0.854446708018565 0
91.7954624568884 10.8996319884216 -0.854446708018565 0
91.9961802576074 10.669088831702 -0.854446708018565 0
92.1968980583264 10.4385456749823 -0.854446708018565 0
92.3976158590453 10.2080025182627 -0.854446708018565 0
92.5983336597643 9.97745936154312 -0.854446708018565 0
92.7990514604833 9.7469162048235 -0.854446708018565 0
92.9997692612022 9.51637304810389 -0.854446708018565 0
93.2004870619212 9.28582989138427 -0.854446708018565 0
93.4012048626402 9.05528673466466 -0.854446708018565 0
93.6019226633591 8.82474357794505 -0.854446708018565 0
93.8028 8.59434 -0.847167 0
