77.9675 69.3191 2.59199 0
78.2236833230801 69.1553982799948 2.55398521536111 0
78.4734617064377 68.9820809197439 2.51598043072223 0
78.7164744226754 68.7993982224138 2.47797564608334 0
78.9523705153036 68.6076140164953 2.43997086144446 0
79.180809305588 68.4070052747853 2.40196607680557 0
79.4014608845542 68.1978617143854 2.36396129216669 0
79.6140065894393 67.9804853782953 2.3259565075278 0
79.8181394639011 67.7551901992057 2.28795172288891 0
80.0135647013213 67.5223015461196 2.24994693825003 0
80.2000000705625 67.2821557544576 2.21194215361114 0
80.3771763235633 67.0350996403264 2.17393736897226 0
80.5448375841837 66.7814899996496 2.13593258433337 0
80.70355515908 66.5221778109767 2.11331380121148 0
80.860528181734 66.2617958912749 2.11331380121148 0
81.0175012043879 66.0014139715732 2.11331380121148 0
81.1744742270418 65.7410320518714 2.11331380121148 0
81.3314472496958 65.4806501321697 2.11331380121148 0
81.4884202723497 65.2202682124679 2.11331380121148 0
81.6453932950036 64.9598862927662 2.11331380121148 0
81.8023663176576 64.6995043730645 2.11331380121148 0
81.9593393403115 64.4391224533627 2.11331380121148 0
82.1163123629654 64.178740533661 2.11331380121148 0
82.2724988025555 63.9178898094606 2.09818355722464 0
82.420485692161 63.6523186727346 2.06017877258575 0
82.5582751768082 63.3813164475081 2.02217398794687 0
82.6856682623268 63.1052745124346 1.98416920330798 0
82.8024809689202 62.8245915244653 1.9461644186691 0
82.9020244640269 62.5652159540392 1.93565238434319 0
83.0011555994562 62.3056812219654 1.93565238434319 0
83.1002867348854 62.0461464898915 1.93565238434319 0
83.1994178703146 61.7866117578177 1.93565238434319 0
83.2985490057439 61.5270770257439 1.93565238434319 0
83.3962669990559 61.2670129922697 1.91622925217037 0
83.4922745423434 60.9837063376684 1.87883554108672 0
83.5776235518003 60.6970084906339 1.84144183000307 0
83.6521946986975 60.4073202910815 1.80404811891943 0
83.7158837231232 60.115046759818 1.76665440783578 0
83.7686015797519 59.8205965322719 1.72926069675214 0
83.8102745623405 59.5243812871685 1.69186698566849 0
83.8408444067794 59.2268151709515 1.65447327458484 0
83.8602683725527 58.9283142187535 1.6170795635012 0
83.8685193024953 58.6292957727262 1.57968585241755 0
83.8661900504041 58.3301656225833 1.55458560339624 0
83.8613408299386 58.0310552394607 1.55458560339624 0
83.8564916094731 57.7319448563381 1.55458560339624 0
83.8516423890076 57.4328344732155 1.55458560339624 0
83.8467931685421 57.133724090093 1.55458560339624 0
83.8419439480766 56.8346137069704 1.55458560339624 0
83.8370947276111 56.5355033238478 1.55458560339624 0
83.8322455071456 56.2363929407252 1.55458560339624 0
83.8273962866801 55.9372825576026 1.55458560339624 0
83.8225470662146 55.6381721744801 1.55458560339624 0
83.8176978457491 55.3390617913575 1.55458560339624 0
83.8128486252836 55.0399514082349 1.55458560339624 0
83.8079994048181 54.7408410251123 1.55458560339624 0
83.8031501843526 54.4417306419897 1.55458560339624 0
83.7983009638871 54.1426202588672 1.55458560339624 0
83.7934517434216 53.8435098757446 1.55458560339624 0
83.7886025229561 53.544399492622 1.55458560339624 0
83.7837533024906 53.2452891094994 1.55458560339624 0
83.7789040820251 52.9461787263768 1.55458560339624 0
83.7740548615596 52.6470683432543 1.55458560339624 0
83.7692056410941 52.3479579601317 1.55458560339624 0
83.7643564206286 52.0488475770091 1.55458560339624 0
83.7595072001631 51.7497371938865 1.55458560339624 0
83.7546579796976 51.4506268107639 1.55458560339624 0
83.7498087592321 51.1515164276414 1.55458560339624 0
83.7449595387666 50.8524060445188 1.55458560339624 0
83.7401103183011 50.5532956613962 1.55458560339624 0
83.7352610978356 50.2541852782736 1.55458560339624 0
83.7304118773701 49.955074895151 1.55458560339624 0
83.7255626569046 49.6559645120285 1.55458560339624 0
83.7207134364391 49.3568541289059 1.55458560339624 0
83.7158642159736 49.0577437457833 1.55458560339624 0
83.7110149955081 48.7586333626607 1.55458560339624 0
83.7061657750426 48.4595229795381 1.55458560339624 0
83.7013165545771 48.1604125964156 1.55458560339624 0
83.6964673341116 47.861302213293 1.55458560339624 0
83.6916181136461 47.5621918301704 1.55458560339624 0
83.6867688931806 47.2630814470478 1.55458560339624 0
83.6819196727151 46.9639710639253 1.55458560339624 0
83.6770704522496 46.6648606808027 1.55458560339624 0
83.6722212317841 46.3657502976801 1.55458560339624 0
83.6673720113186 46.0666399145575 1.55458560339624 0
83.6625227908531 45.7675295314349 1.55458560339624 0
83.6576735703876 45.4684191483124 1.55458560339624 0
83.6528243499221 45.1693087651898 1.55458560339624 0
83.6479751294566 44.8701983820672 1.55458560339624 0
83.6431259089911 44.5710879989446 1.55458560339624 0
83.6382766885256 44.271977615822 1.55458560339624 0
83.6334274680601 43.9728672326995 1.55458560339624 0
83.6285782475946 43.6737568495769 1.55458560339624 0
83.6237290271291 43.3746464664543 1.55458560339624 0
83.6188798066636 43.0755360833317 1.55458560339624 0
83.6140305861981 42.7764257002091 1.55458560339624 0
83.6091813657326 42.4773153170866 1.55458560339624 0
83.6043321452671 42.178204933964 1.55458560339624 0
83.5994829248016 41.8790945508414 1.55458560339624 0
83.5946337043361 41.5799841677188 1.55458560339624 0
83.5897844838706 41.2808737845962 1.55458560339624 0
83.5849352634051 40.9817634014737 1.55458560339624 0
83.5800860429396 40.6826530183511 1.55458560339624 0
83.5752368224741 40.3835426352285 1.55458560339624 0
83.5703876020086 40.0844322521059 1.55458560339624 0
83.5655383815431 39.7853218689833 1.55458560339624 0
83.5606891610776 39.4862114858608 1.55458560339624 0
83.5558399406121 39.1871011027382 1.55458560339624 0
83.5509907201466 38.8879907196156 1.55458560339624 0
83.5461414996811 38.588880336493 1.55458560339624 0
83.5412922792156 38.2897699533704 1.55458560339624 0
83.5364430587501 37.9906595702479 1.55458560339624 0
83.5261202159292 37.6917054689939 1.51758539661217 0
83.5046288097022 37.3933462419405 1.48019168552853 0
83.4719982684757 37.0959990430488 1.44279797444488 0
83.4282742138806 36.8000796013771 1.40540426336124 0
83.3735177776852 36.5060016497985 1.36801055227759 0
83.307805516325 36.2141763465494 1.33061684119394 0
83.2312293038672 35.9250117003786 1.2932231301103 0
83.1438962035591 35.638912000099 1.25582941902665 0
83.0459283181404 35.3562772493409 1.21843570794301 0
82.9374626191274 35.0775026072963 1.18104199685936 0
82.8186507553102 34.8029778362358 1.14364828577571 0
82.6896588407281 34.5330867565723 1.10625457469207 0
82.5506672224212 34.2682067102308 1.06886086360842 0
82.4018702282822 34.0087080330767 1.03146715252478 0
82.243475895362 33.7549535371397 0.994073441441131 0
82.0757056790066 33.5072980033562 0.956679730357485 0
81.8987941432354 33.2660876855409 0.91928601927384 0
81.7129886327904 33.0316598262797 0.881892308190193 0
81.518548927317 32.8043421854225 0.844498597106548 0
81.3157468781593 32.5844525818325 0.807104886022902 0
81.1048660282775 32.3722984490361 0.769711174939256 0
80.8862012158186 32.1681764053911 0.73231746385561 0
80.6600581618956 31.9723718393772 0.694923752771964 0
80.4267530431507 31.7851585105865 0.657530041688319 0
80.1866120497 31.6067981669728 0.620136330604673 0
79.9399709290786 31.4375401788951 0.582742619521027 0
79.6834123076824 31.2753399832822 0.544798935081205 0
79.4208853544723 31.1229889789936 0.506855250641382 0
79.1527679902455 30.980706482988 0.46891156620156 0
78.8794461834779 30.8486973180985 0.430967881761738 0
78.6013133947031 30.7271515181796 0.393024197321915 0
78.3187700101063 30.616244054544 0.355080512882093 0
78.0322227651476 30.5161345840823 0.317136828442271 0
77.7420841590464 30.4269672194292 0.279193144002448 0
77.4487718609676 30.3488703215057 0.241249459562626 0
77.1527081087658 30.2819563147375 0.203305775122804 0
76.8543191011529 30.2263215252141 0.165362090682982 0
76.554034384163 30.1820460420225 0.127418406243159 0
76.2522862327998 30.1491936019551 0.0894747218033369 0
75.9495090287543 30.1278114977571 0.0515310373635146 0
75.646138635091 30.1179305100467 0.0135873529236922 0
75.3426117688008 30.1195648630041 -0.02435633151613 0
75.2277907378844 30.1220732939104 -0.0623000159559524 0
75.5303201264554 30.0974318913449 -0.100243700395775 0
75.8316970005997 30.0613318996481 -0.138187384835597 0
76.1314875130986 30.0138252865799 -0.176131069275419 0
76.4292601003807 29.9549804403071 -0.214074753715242 0
76.7245861037799 29.8848820709555 -0.252018438155064 0
77.0170403866113 29.8036310886652 -0.289962122594886 0
77.3062019461763 29.7113444583254 -0.327905807034709 0
77.5916545198178 29.6081550311975 -0.365849491474531 0
77.8729871841511 29.4942113536692 -0.403793175914353 0
78.1497949466088 29.3696774534144 -0.441736860354175 0
78.4216793284482 29.2347326032669 -0.479680544793998 0
78.6882489383814 29.0895710631483 -0.51762422923382 0
78.9491200360028 28.9344018004209 -0.555567913673643 0
79.2039170842028 28.7694481890688 -0.593511598113465 0
79.4522732897726 28.5949476881398 -0.631455282553287 0
79.6938311314214 28.4111514999108 -0.669398966993109 0
79.9282428744463 28.2183242082698 -0.707342651432932 0
80.1551710713138 28.016743397834 -0.745286335872754 0
80.374289047433 27.8066992543523 -0.783230020312576 0
80.5852813714198 27.5884941469689 -0.821173704752399 0
80.7878443091764 27.3624421929473 -0.859117389192221 0
80.9816862611318 27.1288688054828 -0.897061073632043 0
81.1665281820142 26.8881102252535 -0.935004758071865 0
81.3421039825507 26.6405130363852 -0.972948442511688 0
81.5081609125163 26.3864336675259 -1.01089212695151 0
81.6644599245805 26.1262378787488 -1.04883581139133 0
81.8107760184279 25.8603002350224 -1.08677949583115 0
81.9468985646579 25.5890035670049 -1.12472318027098 0
82.0726316079959 25.3127384199405 -1.1626668647108 0
82.1877941493811 25.0319024914498 -1.20061054915062 0
82.2922204065237 24.7469000590238 -1.23855423359044 0
82.3857600525567 24.4581413980463 -1.27649791803027 0
82.4682784324394 24.1660421911814 -1.31444160247009 0
82.5396567567998 23.871022929978 -1.35238528690991 0
82.6001300301581 23.5735722246666 -1.37721880899827 0
82.6641607316773 23.2768715355327 -1.33927512455845 0
82.7394005616186 22.9828133819985 -1.30133144011862 0
82.8258664883005 22.6914264946728 -1.26333600671126 0
82.923338716491 22.4035344327574 -1.22534057330389 0
83.0316765470472 22.1195527624815 -1.18734513989652 0
83.1507235965546 21.839891405505 -1.14934970648915 0
83.2803080230624 21.5649540472051 -1.11135427308178 0
83.4202427741347 21.2951375539645 -1.07335883967442 0
83.5703258568564 21.0308314003034 -1.03536340626705 0
83.7303406294056 20.7724171066811 -0.997367972859681 0
83.9000561137721 20.5202676887786 -0.959372539452314 0
84.0792273291689 20.2747471190587 -0.921377106044946 0
84.2675956456572 20.0362098013793 -0.883381672637578 0
84.4619858227803 19.8025305417165 -0.876255500644671 0
84.6565323819964 19.5689809201685 -0.876255500644671 0
84.8510789412125 19.3354312986204 -0.876255500644671 0
85.0456255004287 19.1018816770723 -0.876255500644671 0
85.2401720596448 18.8683320555242 -0.876255500644671 0
85.4347186188609 18.6347824339762 -0.876255500644671 0
85.629265178077 18.4012328124281 -0.876255500644671 0
85.8238117372931 18.16768319088 -0.876255500644671 0
86.0183582965092 17.9341335693319 -0.876255500644671 0
86.2129048557254 17.7005839477839 -0.876255500644671 0
86.4074514149415 17.4670343262358 -0.876255500644671 0
86.6019979741576 17.2334847046877 -0.876255500644671 0
86.7965445333737 16.9999350831397 -0.876255500644671 0
86.9910910925898 16.7663854615916 -0.876255500644671 0
87.1856376518059 16.5328358400435 -0.876255500644671 0
87.3801842110221 16.2992862184954 -0.876255500644671 0
87.5747307702382 16.0657365969474 -0.876255500644671 0
87.7692773294543 15.8321869753993 -0.876255500644671 0
87.9638238886704 15.5986373538512 -0.876255500644671 0
88.1583704478865 15.3650877323031 -0.876255500644671 0
88.3529170071026 15.1315381107551 -0.876255500644671 0
88.5474635663188 14.897988489207 -0.876255500644671 0
88.7420101255349 14.6644388676589 -0.876255500644671 0
88.936556684751 14.4308892461109 -0.876255500644671 0
89.1311032439671 14.1973396245628 -0.876255500644671 0
89.3256498031832 13.9637900030147 -0.876255500644671 0
89.5201963623993 13.7302403814666 -0.876255500644671 0
89.7147429216155 13.4966907599186 -0.876255500644671 0
89.9092894808316 13.2631411383705 -0.876255500644671 0
90.1038360400477 13.0295915168224 -0.876255500644671 0
90.2983825992638 12.7960418952743 -0.876255500644671 0
90.4929291584799 12.5624922737263 -0.876255500644671 0
90.687475717696 12.3289426521782 -0.876255500644671 0
90.8820222769122 12.0953930306301 -0.876255500644671 0
91.0765688361283 11.8618434090821 -0.876255500644671 0
91.2711153953444 11.628293787534 -0.876255500644671 0
91.4656619545605 11.3947441659859 -0.876255500644671 0
91.6602085137766 11.1611945444378 -0.876255500644671 0
91.8547550729927 10.9276449228898 -0.876255500644671 0
92.0493016322089 10.6940953013417 -0.876255500644671 0
92.243848191425 10.4605456797936 -0.876255500644671 0
92.4383947506411 10.2269960582455 -0.876255500644671 0
92.6329413098572 9.99344643669747 -0.876255500644671 0
92.8274878690733 9.7598968151494 -0.876255500644671 0
93.0220344282894 9.52634719360133 -0.876255500644671 0
93.2165809875055 9.29279757205326 -0.876255500644671 0
93.4111275467217 9.05924795050518 -0.876255500644671 0
93.6056741059378 8.82569832895711 -0.876255500644671 0
93.8028 8.59434 -0.847167 0
