40.0111 116.764 2.59731 0
40.2657065224454 116.603272121054 2.55967095859899 0
40.5140845010056 116.433077197191 2.52203191719797 0
40.7558821007746 116.253656314659 2.48439287579696 0
40.9936892433858 116.068950138671 2.48107121644038 0
41.2314693473282 115.884209081581 2.48107121644038 0
41.4692494512707 115.699468024491 2.48107121644038 0
41.7070295552131 115.514726967401 2.48107121644038 0
41.9448096591556 115.329985910311 2.48107121644038 0
42.1825897630981 115.145244853221 2.48107121644038 0
42.4203698670405 114.960503796131 2.48107121644038 0
42.658149970983 114.775762739041 2.48107121644038 0
42.8959300749254 114.591021681951 2.48107121644038 0
43.1337101788679 114.406280624862 2.48107121644038 0
43.3714902828103 114.221539567772 2.48107121644038 0
43.6092703867528 114.036798510682 2.48107121644038 0
43.8470504906952 113.852057453592 2.48107121644038 0
44.0848305946377 113.667316396502 2.48107121644038 0
44.3216356892276 113.481337398204 2.46122294205004 0
44.5520826981653 113.287553734254 2.42358390064903 0
44.7750743802497 113.08523556388 2.38594485924802 0
44.9902948610304 112.874669476879 2.34830581784701 0
45.1974392741984 112.656153746471 2.31066677644599 0
45.396214193438 112.429997906786 2.27302773504498 0
45.5863380480746 112.196522314399 2.23538869364397 0
45.7675415219277 111.956057694536 2.19774965224295 0
45.9395679348056 111.708944672591 2.16011061084194 0
46.1021736061004 111.455533291621 2.12247156944093 0
46.2551281999692 111.196182516498 2.08483252803991 0
46.3982150516117 110.931259725426 2.0471934866389 0
46.5312314741822 110.661140189537 2.00955444523789 0
46.6539890459022 110.386206541309 1.97191540383688 0
46.7663138769649 110.106848232557 1.93427636243586 0
46.8680468558555 109.823460982758 1.89663732103485 0
46.9590438747381 109.536446218509 1.85899827963384 0
47.0391760335877 109.24621050489 1.82135923823282 0
47.1083298227821 108.95316496955 1.78372019683181 0
47.1664072838909 108.65772472034 1.7460811554308 0
47.2133261484368 108.360308257291 1.70844211402979 0
47.2490199544316 108.061336879805 1.67080307262877 0
47.2734381405215 107.761234089864 1.63316403122776 0
47.2865461176086 107.460424992131 1.59552498982675 0
47.2883253178476 107.159335691775 1.55788594842573 0
47.2787732209476 106.858392690881 1.52024690702472 0
47.2579033577423 106.558022284296 1.48260786562371 0
47.2370975646067 106.258916289229 1.52008865280556 0
47.2275144873549 105.959240728091 1.5575694399874 0
47.2290378922628 105.659413885066 1.58935545312574 0
47.23460245812 105.359619225834 1.58935545312574 0
47.2401670239772 105.059824566602 1.58935545312574 0
47.2457315898344 104.76002990737 1.58935545312574 0
47.2512961556916 104.460235248137 1.58935545312574 0
47.2568607215488 104.160440588905 1.58935545312574 0
47.262425287406 103.860645929673 1.58935545312574 0
47.2679898532632 103.560851270441 1.58935545312574 0
47.2735544191204 103.261056611209 1.58935545312574 0
47.2791189849776 102.961261951976 1.58935545312574 0
47.2846835508348 102.661467292744 1.58935545312574 0
47.290248116692 102.361672633512 1.58935545312574 0
47.2958126825492 102.06187797428 1.58935545312574 0
47.3013772484064 101.762083315047 1.58935545312574 0
47.3069418142636 101.462288655815 1.58935545312574 0
47.3125063801208 101.162493996583 1.58935545312574 0
47.318070945978 100.862699337351 1.58935545312574 0
47.3236355118352 100.562904678119 1.58935545312574 0
47.3292000776924 100.263110018886 1.58935545312574 0
47.3347646435496 99.9633153596542 1.58935545312574 0
47.3403292094068 99.663520700422 1.58935545312574 0
47.345893775264 99.3637260411898 1.58935545312574 0
47.3514583411212 99.0639313819576 1.58935545312574 0
47.3570229069784 98.7641367227253 1.58935545312574 0
47.3625874728356 98.4643420634931 1.58935545312574 0
47.3681520386928 98.1645474042609 1.58935545312574 0
47.37371660455 97.8647527450287 1.58935545312574 0
47.3792811704072 97.5649580857965 1.58935545312574 0
47.3848457362644 97.2651634265643 1.58935545312574 0
47.3904103021216 96.9653687673321 1.58935545312574 0
47.3959748679788 96.6655741080999 1.58935545312574 0
47.401539433836 96.3657794488676 1.58935545312574 0
47.4071039996932 96.0659847896354 1.58935545312574 0
47.4126685655504 95.7661901304032 1.58935545312574 0
47.4182331314076 95.466395471171 1.58935545312574 0
47.4237976972648 95.1666008119388 1.58935545312574 0
47.429362263122 94.8668061527066 1.58935545312574 0
47.4349268289792 94.5670114934744 1.58935545312574 0
47.4404913948364 94.2672168342421 1.58935545312574 0
47.4460559606936 93.9674221750099 1.58935545312574 0
47.4516205265508 93.6676275157777 1.58935545312574 0
47.457185092408 93.3678328565455 1.58935545312574 0
47.4627496582652 93.0680381973133 1.58935545312574 0
47.4683142241224 92.7682435380811 1.58935545312574 0
47.4738787899796 92.4684488788489 1.58935545312574 0
47.4794433558368 92.1686542196167 1.58935545312574 0
47.485007921694 91.8688595603845 1.58935545312574 0
47.4905724875512 91.5690649011522 1.58935545312574 0
47.4961370534084 91.26927024192 1.58935545312574 0
47.5017016192656 90.9694755826878 1.58935545312574 0
47.5072661851228 90.6696809234556 1.58935545312574 0
47.51283075098 90.3698862642234 1.58935545312574 0
47.5183953168372 90.0700916049912 1.58935545312574 0
47.5239598826944 89.770296945759 1.58935545312574 0
47.5295244485516 89.4705022865267 1.58935545312574 0
47.5350890144088 89.1707076272945 1.58935545312574 0
47.540653580266 88.8709129680623 1.58935545312574 0
47.5462181461232 88.5711183088301 1.58935545312574 0
47.5517827119804 88.2713236495979 1.58935545312574 0
47.5573472778376 87.9715289903657 1.58935545312574 0
47.5629118436948 87.6717343311335 1.58935545312574 0
47.568476409552 87.3719396719013 1.58935545312574 0
47.5740409754092 87.072145012669 1.58935545312574 0
47.5796055412664 86.7723503534368 1.58935545312574 0
47.5851701071236 86.4725556942046 1.58935545312574 0
47.5907346729808 86.1727610349724 1.58935545312574 0
47.596299238838 85.8729663757402 1.58935545312574 0
47.6018638046952 85.573171716508 1.58935545312574 0
47.6074283705524 85.2733770572758 1.58935545312574 0
47.6129929364096 84.9735823980435 1.58935545312574 0
47.6185575022668 84.6737877388113 1.58935545312574 0
47.624122068124 84.3739930795791 1.58935545312574 0
47.6296866339812 84.0741984203469 1.58935545312574 0
47.6352511998384 83.7744037611147 1.58935545312574 0
47.6408157656956 83.4746091018825 1.58935545312574 0
47.6463803315528 83.1748144426503 1.58935545312574 0
47.65194489741 82.8750197834181 1.58935545312574 0
47.6575094632672 82.5752251241858 1.58935545312574 0
47.6630740291244 82.2754304649536 1.58935545312574 0
47.6686385949816 81.9756358057214 1.58935545312574 0
47.6742031608388 81.6758411464892 1.58935545312574 0
47.679767726696 81.376046487257 1.58935545312574 0
47.6853322925532 81.0762518280248 1.58935545312574 0
47.6908968584104 80.7764571687926 1.58935545312574 0
47.6964614242676 80.4766625095604 1.58935545312574 0
47.7020259901248 80.1768678503282 1.58935545312574 0
47.707590555982 79.8770731910959 1.58935545312574 0
47.7131551218392 79.5772785318637 1.58935545312574 0
47.7187196876964 79.2774838726315 1.58935545312574 0
47.7242842535536 78.9776892133993 1.58935545312574 0
47.7298488194108 78.6778945541671 1.58935545312574 0
47.735413385268 78.3780998949349 1.58935545312574 0
47.7409779511252 78.0783052357027 1.58935545312574 0
47.7465425169824 77.7785105764704 1.58935545312574 0
47.7521070828396 77.4787159172382 1.58935545312574 0
47.7576716486968 77.178921258006 1.58935545312574 0
47.763236214554 76.8791265987738 1.58935545312574 0
47.7688007804112 76.5793319395416 1.58935545312574 0
47.7743653462684 76.2795372803094 1.58935545312574 0
47.7799299121256 75.9797426210772 1.58935545312574 0
47.7854944779828 75.679947961845 1.58935545312574 0
47.79105904384 75.3801533026127 1.58935545312574 0
47.7966236096972 75.0803586433805 1.58935545312574 0
47.8021881755544 74.7805639841483 1.58935545312574 0
47.8077527414116 74.4807693249161 1.58935545312574 0
47.8133173072688 74.1809746656839 1.58935545312574 0
47.818881873126 73.8811800064517 1.58935545312574 0
47.8244464389832 73.5813853472195 1.58935545312574 0
47.8300110048404 73.2815906879873 1.58935545312574 0
47.8355755706976 72.981796028755 1.58935545312574 0
47.8411401365548 72.6820013695228 1.58935545312574 0
47.846704702412 72.3822067102906 1.58935545312574 0
47.8522692682692 72.0824120510584 1.58935545312574 0
47.8578338341264 71.7826173918262 1.58935545312574 0
47.8633983999836 71.482822732594 1.58935545312574 0
47.8689629658408 71.1830280733618 1.58935545312574 0
47.874527531698 70.8832334141296 1.58935545312574 0
47.8800920975552 70.5834387548973 1.58935545312574 0
47.8856566634124 70.2836440956651 1.58935545312574 0
47.8912212292696 69.9838494364329 1.58935545312574 0
47.8967857951268 69.6840547772007 1.58935545312574 0
47.902350360984 69.3842601179685 1.58935545312574 0
47.9079149268412 69.0844654587363 1.58935545312574 0
47.9134794926984 68.7846707995041 1.58935545312574 0
47.9190440585556 68.4848761402719 1.58935545312574 0
47.9246086244128 68.1850814810396 1.58935545312574 0
47.93017319027 67.8852868218074 1.58935545312574 0
47.9357377561272 67.5854921625752 1.58935545312574 0
47.9413023219844 67.285697503343 1.58935545312574 0
47.9468668878416 66.9859028441108 1.58935545312574 0
47.9524314536988 66.6861081848786 1.58935545312574 0
47.957996019556 66.3863135256464 1.58935545312574 0
47.9635605854132 66.0865188664142 1.58935545312574 0
47.9691251512704 65.7867242071819 1.58935545312574 0
47.9746897171276 65.4869295479497 1.58935545312574 0
47.9802542829848 65.1871348887175 1.58935545312574 0
47.985818848842 64.8873402294853 1.58935545312574 0
47.9913834146992 64.5875455702531 1.58935545312574 0
47.9969479805564 64.2877509110209 1.58935545312574 0
48.0025125464136 63.9879562517887 1.58935545312574 0
48.0080771122708 63.6881615925565 1.58935545312574 0
48.013641678128 63.3883669333242 1.58935545312574 0
48.0192062439852 63.088572274092 1.58935545312574 0
48.0247708098424 62.7887776148598 1.58935545312574 0
48.0303353756996 62.4889829556276 1.58935545312574 0
48.0358999415568 62.1891882963954 1.58935545312574 0
48.041464507414 61.8893936371632 1.58935545312574 0
48.0470290732712 61.589598977931 1.58935545312574 0
48.0525936391284 61.2898043186987 1.58935545312574 0
48.0581582049856 60.9900096594665 1.58935545312574 0
48.0637227708428 60.6902150002343 1.58935545312574 0
48.0692873367 60.3904203410021 1.58935545312574 0
48.0748519025572 60.0906256817699 1.58935545312574 0
48.0804164684144 59.7908310225377 1.58935545312574 0
48.0859810342716 59.4910363633055 1.58935545312574 0
48.0915456001288 59.1912417040733 1.58935545312574 0
48.097110165986 58.8914470448411 1.58935545312574 0
48.1026747318432 58.5916523856088 1.58935545312574 0
48.1082392977004 58.2918577263766 1.58935545312574 0
48.1138038635576 57.9920630671444 1.58935545312574 0
48.1193684294148 57.6922684079122 1.58935545312574 0
48.124932995272 57.39247374868 1.58935545312574 0
48.1304975611292 57.0926790894478 1.58935545312574 0
48.1360621269864 56.7928844302156 1.58935545312574 0
48.1416266928436 56.4930897709833 1.58935545312574 0
48.1471912587008 56.1932951117511 1.58935545312574 0
48.152755824558 55.8935004525189 1.58935545312574 0
48.1583203904152 55.5937057932867 1.58935545312574 0
48.1638849562724 55.2939111340545 1.58935545312574 0
48.1694495221296 54.9941164748223 1.58935545312574 0
48.1750140879868 54.6943218155901 1.58935545312574 0
48.180578653844 54.3945271563579 1.58935545312574 0
48.1861432197012 54.0947324971256 1.58935545312574 0
48.1917077855584 53.7949378378934 1.58935545312574 0
48.1972723514156 53.4951431786612 1.58935545312574 0
48.2028369172728 53.195348519429 1.58935545312574 0
48.20840148313 52.8955538601968 1.58935545312574 0
48.2139660489872 52.5957592009646 1.58935545312574 0
48.2195306148444 52.2959645417324 1.58935545312574 0
48.2250951807016 51.9961698825001 1.58935545312574 0
48.2306597465588 51.6963752232679 1.58935545312574 0
48.236224312416 51.3965805640357 1.58935545312574 0
48.2417888782732 51.0967859048035 1.58935545312574 0
48.2473534441304 50.7969912455713 1.58935545312574 0
48.2529180099876 50.4971965863391 1.58935545312574 0
48.2584825758448 50.1974019271069 1.58935545312574 0
48.264047141702 49.8976072678747 1.58935545312574 0
48.2696117075592 49.5978126086425 1.58935545312574 0
48.2751762734164 49.2980179494102 1.58935545312574 0
48.2807408392736 48.998223290178 1.58935545312574 0
48.2863054051308 48.6984286309458 1.58935545312574 0
48.291869970988 48.3986339717136 1.58935545312574 0
48.2974345368452 48.0988393124814 1.58935545312574 0
48.3029991027024 47.7990446532492 1.58935545312574 0
48.3085636685596 47.499249994017 1.58935545312574 0
48.3141282344168 47.1994553347848 1.58935545312574 0
48.319692800274 46.8996606755525 1.58935545312574 0
48.3252573661312 46.5998660163203 1.58935545312574 0
48.3308219319884 46.3000713570881 1.58935545312574 0
48.3363864978456 46.0002766978559 1.58935545312574 0
48.3419510637028 45.7004820386237 1.58935545312574 0
48.34751562956 45.4006873793915 1.58935545312574 0
48.3530801954172 45.1008927201593 1.58935545312574 0
48.3586447612744 44.8010980609271 1.58935545312574 0
48.3642093271316 44.5013034016948 1.58935545312574 0
48.3697738929888 44.2015087424626 1.58935545312574 0
48.375338458846 43.9017140832304 1.58935545312574 0
48.3809030247032 43.6019194239982 1.58935545312574 0
48.3864675905604 43.302124764766 1.58935545312574 0
48.3920321564176 43.0023301055338 1.58935545312574 0
48.3975967222748 42.7025354463016 1.58935545312574 0
48.403161288132 42.4027407870693 1.58935545312574 0
48.4087258539892 42.1029461278371 1.58935545312574 0
48.4142904198464 41.8031514686049 1.58935545312574 0
48.4198549857036 41.5033568093727 1.58935545312574 0
48.4254195515608 41.2035621501405 1.58935545312574 0
48.430984117418 40.9037674909083 1.58935545312574 0
48.4365486832752 40.6039728316761 1.58935545312574 0
48.4421132491324 40.3041781724439 1.58935545312574 0
48.4476778149896 40.0043835132116 1.58935545312574 0
48.4532423808468 39.7045888539794 1.58935545312574 0
48.458806946704 39.4047941947472 1.58935545312574 0
48.4643715125612 39.104999535515 1.58935545312574 0
48.4700683347623 38.8052075847476 1.59510619646107 0
48.4829720545772 38.5056566352783 1.63258698364292 0
48.5070914886639 38.2067995955213 1.67006777082476 0
48.5423927577811 37.9090562535105 1.70754855800661 0
48.588826276179 37.6128448329302 1.74502934518846 0
48.6463268212501 37.3185814056588 1.7825101323703 0
48.7148136251437 37.0266793073357 1.81999091955215 0
48.794190488216 36.7375485567715 1.857471706734 0
48.8843459141565 36.4515952800172 1.89495249391585 0
48.9851532666008 36.1692211399014 1.93243328109769 0
49.0964709470095 35.890822771836 1.96991406827954 0
49.218142593564 35.6167912266853 2.00739485546139 0
49.3499973007996 35.3475114214773 2.04487564264323 0
49.4918498596664 35.0833615987328 2.08235642982508 0
49.6435010176829 34.8247127951685 2.11983721700693 0
49.8047377588147 34.5719283205222 2.15731800418877 0
49.9753336026862 34.3253632472316 2.19479879137062 0
50.1550489227055 34.0853639116839 2.23227957855247 0
50.3436312826544 33.8522674277355 2.26976036573431 0
50.5408157912719 33.6264012131874 2.30724115291616 0
50.7463254743321 33.408082529879 2.34472194009801 0
50.959871663695 33.1976180380482 2.38220272727985 0
51.1811544027822 32.9953033655821 2.4196835144617 0
51.4098628679101 32.8014226927655 2.45716430164355 0
51.6456758048863 32.6162483531078 2.4946450888254 0
51.8882619802578 32.4400404508115 2.53212587600724 0
52.1372806465765 32.2730464954183 2.56960666318909 0
52.3923820210283 32.1155010541455 2.60708745037094 0
52.6532077767537 31.967625422403 2.64456823755278 0
52.9193915461701 31.8296273129512 2.68204902473463 0
53.1905594355879 31.7017005641388 2.71952981191648 0
53.4663305503984 31.5840248676285 2.75701059909832 0
53.7463175300957 31.4767655159942 2.79449138628017 0
54.0301270923803 31.3800731705432 2.83197217346202 0
54.3173605855816 31.2940836496911 2.86945296064386 0
54.6076145486217 31.2189177381849 2.90693374782571 0
54.9004812777347 31.154681017443 2.94441453500756 0
55.1960395578472 31.1013847835205 2.98195738139578 0
55.4933899951761 31.0592195974814 3.019500227784 0
55.7921135338174 31.0282448827128 3.05704307417222 0
56.091616648413 31.0058239690048 3.0686729879449 0
56.3911612703277 30.9839424782535 3.0686729879449 0
56.6907058922423 30.9620609875022 3.0686729879449 0
56.990250514157 30.9401794967509 3.0686729879449 0
57.2897951360716 30.9182980059996 3.0686729879449 0
57.5893397579863 30.8964165152483 3.0686729879449 0
57.888884379901 30.874535024497 3.0686729879449 0
58.1884290018156 30.8526535337457 3.0686729879449 0
58.4879736237303 30.8307720429944 3.0686729879449 0
58.7875182456449 30.8088905522431 3.0686729879449 0
59.0870628675596 30.7870090614918 3.0686729879449 0
59.3866074894742 30.7651275707405 3.0686729879449 0
59.6861521113889 30.7432460799892 3.0686729879449 0
59.9856967333035 30.7213645892379 3.0686729879449 0
60.2852413552182 30.6994830984865 3.0686729879449 0
60.5847859771328 30.6776016077352 3.0686729879449 0
60.8843305990475 30.6557201169839 3.0686729879449 0
61.1838752209621 30.6338386262326 3.0686729879449 0
61.4834198428768 30.6119571354813 3.0686729879449 0
61.7829644647914 30.59007564473 3.0686729879449 0
62.0825090867061 30.5681941539787 3.0686729879449 0
62.3820537086207 30.5463126632274 3.0686729879449 0
62.6815983305354 30.5244311724761 3.0686729879449 0
62.98114295245 30.5025496817248 3.0686729879449 0
63.2806875743647 30.4806681909735 3.0686729879449 0
63.5802321962793 30.4587867002222 3.0686729879449 0
63.879776818194 30.4369052094709 3.0686729879449 0
64.1793214401086 30.4150237187196 3.0686729879449 0
64.4788660620233 30.3931422279683 3.0686729879449 0
64.7784106839379 30.371260737217 3.0686729879449 0
65.0779553058526 30.3493792464657 3.0686729879449 0
65.3774999277672 30.3274977557144 3.0686729879449 0
65.6770445496819 30.3056162649631 3.0686729879449 0
65.9765891715965 30.2837347742118 3.0686729879449 0
66.2761337935112 30.2618532834605 3.0686729879449 0
66.5756784154258 30.2399717927091 3.0686729879449 0
66.8752230373405 30.2180903019578 3.0686729879449 0
67.1747676592551 30.1962088112065 3.0686729879449 0
67.4743122811698 30.1743273204552 3.0686729879449 0
67.7738569030845 30.1524458297039 3.0686729879449 0
68.0734015249991 30.1305643389526 3.0686729879449 0
68.3729461469137 30.1086828482013 3.0686729879449 0
68.6724907688284 30.08680135745 3.0686729879449 0
68.972035390743 30.0649198666987 3.0686729879449 0
69.2714418766759 30.0413122248278 3.04786619627276 0
69.5698685897053 30.0075975033565 3.01032334988454 0
69.8668195670926 29.9627053824208 2.97278050349632 0
70.1633238661931 29.9178722485612 3.01026703034874 0
70.4613001047703 29.8841829250287 3.04775355720116 0
70.7603296038177 29.8616847478544 3.08524008405358 0
71.0599922044185 29.8504093286678 3.12272661090601 0
71.359678120073 29.8397670220555 3.0873834057988 0
71.6587551530711 29.8179098124946 3.04989687894638 0
71.9568029142272 29.7848592248063 3.01241035209395 0
72.2534026240401 29.7406616975498 2.97492382524153 0
72.5481375376296 29.6853793315721 2.93743729838911 0
72.8405935302943 29.6190898027517 2.89995077153669 0
73.1303596793878 29.5418862528578 2.86246424468426 0
73.4170288416962 29.4538771586795 2.82497771783184 0
73.2853798821189 29.5020856890061 2.78749119097942 0
73.0061081510732 29.61131988473 2.750004664127 0
72.7311264705583 29.7309438148523 2.71251813727458 0
72.4608212104988 29.8607893987622 2.67503161042215 0
72.1955721700973 30.0006741936571 2.63754508356973 0
71.9357520441876 30.1504016508884 2.60005855671731 0
71.6817258995707 30.3097613921275 2.56257202986488 0
71.4338506620687 30.4785295049629 2.52508550301246 0
71.1908330189933 30.6542427138221 2.52478797348892 0
70.9430080059582 30.8230845693877 2.56227450034134 0
70.6890292868122 30.9825198838499 2.59976102719376 0
70.4292537207409 31.1323246386111 2.63724755404619 0
70.6878736280175 30.9832153677315 2.59992962643585 0
70.9407503180334 30.8245609925994 2.56261169882551 0
71.1898159494551 30.6599668694494 2.57047867812114 0
71.4439329321328 30.5033067589657 2.60779660573148 0
71.703717863987 30.3562366386709 2.64511453334182 0
71.9688090033039 30.2189612987237 2.68243246095216 0
72.2388372196558 30.0916718903826 2.7197503885625 0
72.5134265079023 29.9745456598351 2.75706831617283 0
72.7921945117652 29.867745701388 2.79438624378317 0
73.0747530562462 29.771420730364 2.83170417139351 0
73.3607086881477 29.685704876021 2.86902209900385 0
73.6496632239432 29.6107174947812 2.90634002661419 0
73.9412143042339 29.5465630040318 2.94365795422452 0
74.2349559540209 29.493330736727 2.98097588183486 0
74.5304791480115 29.4510948169951 3.0182938094452 0
74.827372380173 29.419914056923 3.05561173705554 0
75.1252222367411 29.3998318746623 3.09292966466588 0
75.4236139718844 29.3908762339713 3.13024759227622 0
75.7221320852238 29.3930596052762 -3.11561978729303 0
76.020360900403 29.4063789483064 -3.07830185968269 0
76.3178851439037 29.4308157163282 -3.04098393207236 0
76.6142905232995 29.4663358819701 -3.00366600446202 0
76.9091643041445 29.5128899846053 -2.96634807685168 0
77.2020958846918 29.5704131992236 -2.92903014924134 0
77.4926773676428 29.6388254266979 -2.891712221631 0
77.7805041281299 29.71803140532 -2.85439429402067 0
78.0651753771433 29.8079208434488 -2.81707636641033 0
78.3462947196161 29.9083685730881 -2.77975843879999 0
78.6234707063906 30.0192347241783 -2.74244051118965 0
78.8963173792986 30.1403649193612 -2.70512258357931 0
79.1644548085944 30.271590488945 -2.66780465596898 0
79.4275096219948 30.4127287057712 -2.63048672835864 0
79.6851155245867 30.5635830396559 -2.5931688007483 0
79.9369138088808 30.7239434310514 -2.55585087313796 0
80.1825538542995 30.8935865835472 -2.51853294552762 0
80.4216936154039 31.0722762748025 -2.48121501791728 0
80.654000098181 31.2597636854778 -2.44389709030695 0
80.8791498237261 31.4557877457075 -2.40657916269661 0
81.0968292786765 31.6600754986309 -2.36926123508627 0
81.3067353517681 31.8723424804751 -2.33194330747593 0
81.5085757559078 32.0922931166613 -2.29462537986559 0
81.7020694351728 32.3196211333827 -2.25730745225526 0
81.7578803292362 32.3862621843578 -2.21998952464492 0
81.5818764021852 32.1451388782163 -2.18267159703458 0
81.4116132046852 31.8923948546977 -2.14457625404928 0
81.2510995814781 31.6333495408774 -2.10648091106397 0
81.1005684506168 31.3683788321399 -2.06838556807867 0
80.9602382447625 31.0978672220893 -2.03029022509337 0
80.8303125942217 30.8222072446192 -1.99219488210807 0
80.7109800314624 30.5417989043142 -1.95409953912276 0
80.6024137175386 30.2570490960118 -1.91600419613746 0
80.5047711908194 29.9683710143651 -1.87790885315216 0
80.4181941383887 29.6761835542651 -1.83981351016686 0
80.3428081904457 29.3809107029902 -1.80171816718155 0
80.2787227380059 29.0829809249672 -1.76362282419625 0
80.2260307741652 28.7828265400352 -1.72552748121095 0
80.1848087591603 28.4808830961153 -1.68743213822564 0
80.1551165094185 28.1775887371955 -1.64933679524034 0
80.1369971107593 27.8733835675492 -1.61124145225504 0
80.1304768558734 27.5687090131088 -1.57314610926974 0
80.13556520617 27.2640071809211 -1.53505076628443 0
80.1522547780475 26.9597202176153 -1.49695542329913 0
80.1805213536078 26.6562896678129 -1.45886008031383 0
80.2203239157981 26.3541558334111 -1.42076473732853 0
80.2716047079304 26.0537571346696 -1.38266939434322 0
80.3342893174904 25.7555294740283 -1.34457405135792 0
80.4082867841167 25.4599056035777 -1.30647870837262 0
80.4934897315909 25.1673144971015 -1.26838336538732 0
80.5897745236497 24.8781807276011 -1.23028802240201 0
80.6970014433901 24.5929238512068 -1.19219267941671 0
80.8150148960107 24.311957798368 -1.15409733643141 0
80.9436436345915 24.0356902732073 -1.11600199344611 0
81.082701008587 23.7645221619096 -1.0779066504608 0
81.2319852346711 23.498846951004 -1.0398113074755 0
81.3912796895407 23.2390501563834 -1.0017159644902 0
81.5603532242532 22.9855087638909 -0.963620621504895 0
81.7389604996427 22.7385906822823 -0.925525278519592 0
81.9268423423255 22.4986542093622 -0.887429935534289 0
82.1230875803724 22.2654966868545 -0.863854384683121 0
82.3210345215018 22.0337698248892 -0.863854384683121 0
82.5189814626311 21.802042962924 -0.863854384683121 0
82.7169284037605 21.5703161009587 -0.863854384683121 0
82.9148753448899 21.3385892389934 -0.863854384683121 0
83.1128222860192 21.1068623770282 -0.863854384683121 0
83.3107692271486 20.8751355150629 -0.863854384683121 0
83.5087161682779 20.6434086530976 -0.863854384683121 0
83.7066631094073 20.4116817911323 -0.863854384683121 0
83.9046100505367 20.1799549291671 -0.863854384683121 0
84.102556991666 19.9482280672018 -0.863854384683121 0
84.3005039327954 19.7165012052365 -0.863854384683121 0
84.4984508739248 19.4847743432713 -0.863854384683121 0
84.6963978150541 19.253047481306 -0.863854384683121 0
84.8943447561835 19.0213206193407 -0.863854384683121 0
85.0922916973129 18.7895937573755 -0.863854384683121 0
85.2902386384422 18.5578668954102 -0.863854384683121 0
85.4881855795716 18.3261400334449 -0.863854384683121 0
85.6861325207009 18.0944131714797 -0.863854384683121 0
85.8840794618303 17.8626863095144 -0.863854384683121 0
86.0820264029597 17.6309594475491 -0.863854384683121 0
86.279973344089 17.3992325855839 -0.863854384683121 0
86.4779202852184 17.1675057236186 -0.863854384683121 0
86.6758672263478 16.9357788616533 -0.863854384683121 0
86.8738141674771 16.704051999688 -0.863854384683121 0
87.0717611086065 16.4723251377228 -0.863854384683121 0
87.2697080497359 16.2405982757575 -0.863854384683121 0
87.4676549908652 16.0088714137922 -0.863854384683121 0
87.6656019319946 15.777144551827 -0.863854384683121 0
87.8635488731239 15.5454176898617 -0.863854384683121 0
88.0614958142533 15.3136908278964 -0.863854384683121 0
88.2594427553827 15.0819639659312 -0.863854384683121 0
88.457389696512 14.8502371039659 -0.863854384683121 0
88.6553366376414 14.6185102420006 -0.863854384683121 0
88.8532835787708 14.3867833800354 -0.863854384683121 0
89.0512305199001 14.1550565180701 -0.863854384683121 0
89.2491774610295 13.9233296561048 -0.863854384683121 0
89.4471244021588 13.6916027941396 -0.863854384683121 0
89.6450713432882 13.4598759321743 -0.863854384683121 0
89.8430182844176 13.228149070209 -0.863854384683121 0
90.0409652255469 12.9964222082438 -0.863854384683121 0
90.2389121666763 12.7646953462785 -0.863854384683121 0
90.4368591078057 12.5329684843132 -0.863854384683121 0
90.634806048935 12.3012416223479 -0.863854384683121 0
90.8327529900644 12.0695147603827 -0.863854384683121 0
91.0306999311938 11.8377878984174 -0.863854384683121 0
91.2286468723231 11.6060610364521 -0.863854384683121 0
91.4265938134525 11.3743341744869 -0.863854384683121 0
91.6245407545818 11.1426073125216 -0.863854384683121 0
91.8224876957112 10.9108804505563 -0.863854384683121 0
92.0204346368406 10.6791535885911 -0.863854384683121 0
92.2183815779699 10.4474267266258 -0.863854384683121 0
92.4163285190993 10.2156998646605 -0.863854384683121 0
92.6142754602287 9.98397300269526 -0.863854384683121 0
92.812222401358 9.75224614072999 -0.863854384683121 0
93.0101693424874 9.52051927876472 -0.863854384683121 0
93.2081162836167 9.28879241679946 -0.863854384683121 0
93.4060632247461 9.05706555483419 -0.863854384683121 0
93.6040101658755 8.82533869286892 -0.863854384683121 0
93.8028 8.59434 -0.847167 0
