92.4025 100.254 -0.572064 0
92.1442501848169 100.413435799769 -0.534124123371066 0
91.8801386906582 100.562961248919 -0.496184246742132 0
91.610545643051 100.702361141215 -0.458244370113198 0
91.3358590569118 100.831434843747 -0.420304493484264 0
91.0564742780912 100.949996585694 -0.38236461685533 0
90.7727934143681 101.057875725696 -0.344424740226396 0
90.4852247567115 101.154916997451 -0.306484863597462 0
90.1941821916426 101.240980733184 -0.268544986968528 0
89.9000846055444 101.315943064667 -0.230605110339594 0
89.6043528784791 101.384226406888 -0.240826771065064 0
89.3110368824269 101.462190935682 -0.278766647693998 0
89.0208892206194 101.551225061936 -0.316706524322932 0
88.7343274914395 101.651200642252 -0.354646400951866 0
88.4517641321751 101.761973785619 -0.3925862775808 0
88.1736058254139 101.883385060507 -0.430526154209734 0
87.9002529137207 102.015259724332 -0.468466030838668 0
87.6320988234398 102.157407974958 -0.506405907467602 0
87.3695294984515 102.309625223867 -0.544345784096536 0
87.1129228446982 102.471692390621 -0.58228566072547 0
86.8626481862784 102.643376218173 -0.620225537354404 0
86.6190657338931 102.824429608586 -0.658165413983338 0
86.3825260664082 103.014591978671 -0.696105290612272 0
86.1533696262799 103.213589635034 -0.734045167241206 0
85.9319262295689 103.421136167993 -0.77198504387014 0
85.7185145912489 103.636932863797 -0.809924920499074 0
85.5134418664921 103.860669134551 -0.847864797128008 0
85.3170032085929 104.092022965237 -0.885804673756942 0
85.129481344165 104.330661377173 -0.923744550385876 0
84.9511461662238 104.576240907263 -0.96168442701481 0
84.7822543457398 104.828408102321 -0.999624303643744 0
84.7792417205808 104.827809731731 -1.03756418027268 0
84.9285315289407 104.563564969418 -1.07550405690161 0
85.0676908950564 104.293847687597 -1.11344393353055 0
85.1965195321986 104.019046079992 -1.15138381015948 0
85.3148320222589 103.739555657999 -1.18932368678841 0
85.4224580826158 103.455778681445 -1.22726356341735 0
85.5192428112152 103.16812357963 -1.26520344004628 0
85.6050469095156 102.877004363492 -1.30314331667522 0
85.6797468829745 102.582840029734 -1.34108319330415 0
85.7432352187899 102.28605395778 -1.37902306993308 0
85.7954205406392 101.987073300423 -1.41696294656202 0
85.8362277401935 101.686328369036 -1.45490282319095 0
85.8655980852181 101.384252014246 -1.49284269981989 0
85.8834893041037 101.081279002945 -1.53078257644882 0
85.8898756467065 100.777845392548 -1.56872245307775 0
85.8847479214087 100.474387903395 -1.60666232970669 0
85.8681135083484 100.17134329019 -1.64460220633562 0
85.8950621329172 100.463063070833 -1.68122448693568 0
85.9326737436063 100.753600547807 -1.71784676753573 0
85.9353245485925 100.785585333772 -1.75446904813578 0
85.876552513727 100.498579224599 -1.79109132873584 0
85.8073114178132 100.213917443847 -1.82771360933589 0
85.7276941160374 99.9319817347875 -1.86433588993594 0
85.6378073785088 99.6531501849206 -1.900958170536 0
85.5377717470766 99.3777967189378 -1.93758045113605 0
85.4279600385673 99.106190332774 -1.96282575656353 0
85.3210056390783 98.8334497688408 -1.92620347596347 0
85.2241091036269 98.5569760445879 -1.88958119536342 0
85.1374003744925 98.2771399227655 -1.85295891476336 0
85.0609957316833 97.9943166752381 -1.81633663416331 0
84.9949976369992 97.7088855797303 -1.77971435356326 0
84.9394945966271 97.4212294111989 -1.7430920729632 0
84.9710825932552 97.6328991354138 -1.70646979236315 0
84.9361101754986 97.3351953922541 -1.66899874050538 0
84.9123149690003 97.036390477899 -1.63152768864761 0
84.8997241322889 96.7369040397483 -1.59530661114051 0
84.892377458845 96.4372256639213 -1.59530661114051 0
84.885030785401 96.1375472880944 -1.59530661114051 0
84.8776841119571 95.8378689122674 -1.59530661114051 0
84.8703374385132 95.5381905364404 -1.59530661114051 0
84.8629907650693 95.2385121606135 -1.59530661114051 0
84.8556440916254 94.9388337847865 -1.59530661114051 0
84.8482974181814 94.6391554089596 -1.59530661114051 0
84.8409507447375 94.3394770331326 -1.59530661114051 0
84.8336040712936 94.0397986573056 -1.59530661114051 0
84.8262573978497 93.7401202814787 -1.59530661114051 0
84.8189107244057 93.4404419056517 -1.59530661114051 0
84.8115640509618 93.1407635298247 -1.59530661114051 0
84.8042173775179 92.8410851539978 -1.59530661114051 0
84.796870704074 92.5414067781708 -1.59530661114051 0
84.78952403063 92.2417284023438 -1.59530661114051 0
84.7821773571861 91.9420500265169 -1.59530661114051 0
84.7748306837422 91.6423716506899 -1.59530661114051 0
84.7674840102983 91.342693274863 -1.59530661114051 0
84.7601373368543 91.043014899036 -1.59530661114051 0
84.7527906634104 90.743336523209 -1.59530661114051 0
84.7454439899665 90.4436581473821 -1.59530661114051 0
84.7380973165226 90.1439797715551 -1.59530661114051 0
84.7307506430787 89.8443013957281 -1.59530661114051 0
84.7234039696347 89.5446230199012 -1.59530661114051 0
84.7160572961908 89.2449446440742 -1.59530661114051 0
84.7087106227469 88.9452662682473 -1.59530661114051 0
84.701363949303 88.6455878924203 -1.59530661114051 0
84.694017275859 88.3459095165933 -1.59530661114051 0
84.6866706024151 88.0462311407664 -1.59530661114051 0
84.6793239289712 87.7465527649394 -1.59530661114051 0
84.6719772555273 87.4468743891124 -1.59530661114051 0
84.6646305820833 87.1471960132855 -1.59530661114051 0
84.6572839086394 86.8475176374585 -1.59530661114051 0
84.6499372351955 86.5478392616315 -1.59530661114051 0
84.6425905617516 86.2481608858046 -1.59530661114051 0
84.6352438883077 85.9484825099776 -1.59530661114051 0
84.6278972148637 85.6488041341507 -1.59530661114051 0
84.6205505414198 85.3491257583237 -1.59530661114051 0
84.6132038679759 85.0494473824967 -1.59530661114051 0
84.605857194532 84.7497690066698 -1.59530661114051 0
84.598510521088 84.4500906308428 -1.59530661114051 0
84.5911638476441 84.1504122550158 -1.59530661114051 0
84.5838171742002 83.8507338791889 -1.59530661114051 0
84.5764705007563 83.5510555033619 -1.59530661114051 0
84.5691238273124 83.2513771275349 -1.59530661114051 0
84.5617771538684 82.951698751708 -1.59530661114051 0
84.5544304804245 82.652020375881 -1.59530661114051 0
84.5470838069806 82.3523420000541 -1.59530661114051 0
84.5397371335367 82.0526636242271 -1.59530661114051 0
84.5323904600927 81.7529852484001 -1.59530661114051 0
84.5250437866488 81.4533068725732 -1.59530661114051 0
84.5176971132049 81.1536284967462 -1.59530661114051 0
84.510350439761 80.8539501209192 -1.59530661114051 0
84.503003766317 80.5542717450923 -1.59530661114051 0
84.4956570928731 80.2545933692653 -1.59530661114051 0
84.4883104194292 79.9549149934383 -1.59530661114051 0
84.4809637459853 79.6552366176114 -1.59530661114051 0
84.4736170725413 79.3555582417844 -1.59530661114051 0
84.4662703990974 79.0558798659575 -1.59530661114051 0
84.4589237256535 78.7562014901305 -1.59530661114051 0
84.4515770522096 78.4565231143035 -1.59530661114051 0
84.4442303787657 78.1568447384766 -1.59530661114051 0
84.4368837053217 77.8571663626496 -1.59530661114051 0
84.4295370318778 77.5574879868226 -1.59530661114051 0
84.4221903584339 77.2578096109957 -1.59530661114051 0
84.41484368499 76.9581312351687 -1.59530661114051 0
84.407497011546 76.6584528593418 -1.59530661114051 0
84.4001503381021 76.3587744835148 -1.59530661114051 0
84.3928036646582 76.0590961076878 -1.59530661114051 0
84.3854569912143 75.7594177318609 -1.59530661114051 0
84.3781103177703 75.4597393560339 -1.59530661114051 0
84.3707636443264 75.1600609802069 -1.59530661114051 0
84.3634169708825 74.86038260438 -1.59530661114051 0
84.3560702974386 74.560704228553 -1.59530661114051 0
84.3487236239947 74.261025852726 -1.59530661114051 0
84.3413769505507 73.9613474768991 -1.59530661114051 0
84.3340302771068 73.6616691010721 -1.59530661114051 0
84.3266836036629 73.3619907252451 -1.59530661114051 0
84.319336930219 73.0623123494182 -1.59530661114051 0
84.311990256775 72.7626339735912 -1.59530661114051 0
84.3046435833311 72.4629555977642 -1.59530661114051 0
84.2972969098872 72.1632772219373 -1.59530661114051 0
84.2899502364433 71.8635988461103 -1.59530661114051 0
84.2826035629993 71.5639204702834 -1.59530661114051 0
84.2752568895554 71.2642420944564 -1.59530661114051 0
84.2679102161115 70.9645637186294 -1.59530661114051 0
84.2605635426676 70.6648853428025 -1.59530661114051 0
84.2532168692236 70.3652069669755 -1.59530661114051 0
84.2458701957797 70.0655285911485 -1.59530661114051 0
84.2385235223358 69.7658502153216 -1.59530661114051 0
84.2311768488919 69.4661718394946 -1.59530661114051 0
84.223830175448 69.1664934636677 -1.59530661114051 0
84.216483502004 68.8668150878407 -1.59530661114051 0
84.2091368285601 68.5671367120137 -1.59530661114051 0
84.2017901551162 68.2674583361868 -1.59530661114051 0
84.1944434816723 67.9677799603598 -1.59530661114051 0
84.1870968082283 67.6681015845328 -1.59530661114051 0
84.1797501347844 67.3684232087059 -1.59530661114051 0
84.1724034613405 67.0687448328789 -1.59530661114051 0
84.1650567878966 66.7690664570519 -1.59530661114051 0
84.1577101144527 66.469388081225 -1.59530661114051 0
84.1503634410087 66.169709705398 -1.59530661114051 0
84.1430167675648 65.8700313295711 -1.59530661114051 0
84.1356700941209 65.5703529537441 -1.59530661114051 0
84.128323420677 65.2706745779171 -1.59530661114051 0
84.120976747233 64.9709962020902 -1.59530661114051 0
84.1136300737891 64.6713178262632 -1.59530661114051 0
84.1062834003452 64.3716394504362 -1.59530661114051 0
84.0989367269013 64.0719610746093 -1.59530661114051 0
84.0915900534574 63.7722826987823 -1.59530661114051 0
84.0842433800134 63.4726043229554 -1.59530661114051 0
84.0768967065695 63.1729259471284 -1.59530661114051 0
84.0695500331256 62.8732475713014 -1.59530661114051 0
84.0622033596817 62.5735691954745 -1.59530661114051 0
84.0548566862377 62.2738908196475 -1.59530661114051 0
84.0475100127938 61.9742124438205 -1.59530661114051 0
84.0401633393499 61.6745340679936 -1.59530661114051 0
84.032816665906 61.3748556921666 -1.59530661114051 0
84.025469992462 61.0751773163396 -1.59530661114051 0
84.0181233190181 60.7754989405127 -1.59530661114051 0
84.0107766455742 60.4758205646857 -1.59530661114051 0
84.0034299721303 60.1761421888588 -1.59530661114051 0
83.9960832986863 59.8764638130318 -1.59530661114051 0
83.9887366252424 59.5767854372048 -1.59530661114051 0
83.9813899517985 59.2771070613779 -1.59530661114051 0
83.9740432783546 58.9774286855509 -1.59530661114051 0
83.9666966049107 58.6777503097239 -1.59530661114051 0
83.9593499314667 58.378071933897 -1.59530661114051 0
83.9520032580228 58.07839355807 -1.59530661114051 0
83.9446565845789 57.778715182243 -1.59530661114051 0
83.937309911135 57.4790368064161 -1.59530661114051 0
83.929963237691 57.1793584305891 -1.59530661114051 0
83.9226165642471 56.8796800547622 -1.59530661114051 0
83.9152698908032 56.5800016789352 -1.59530661114051 0
83.9079232173593 56.2803233031082 -1.59530661114051 0
83.9005765439153 55.9806449272813 -1.59530661114051 0
83.8932298704714 55.6809665514543 -1.59530661114051 0
83.8858831970275 55.3812881756273 -1.59530661114051 0
83.8785365235836 55.0816097998004 -1.59530661114051 0
83.8711898501397 54.7819314239734 -1.59530661114051 0
83.8638431766957 54.4822530481465 -1.59530661114051 0
83.8564965032518 54.1825746723195 -1.59530661114051 0
83.8491498298079 53.8828962964925 -1.59530661114051 0
83.841803156364 53.5832179206656 -1.59530661114051 0
83.83445648292 53.2835395448386 -1.59530661114051 0
83.8271098094761 52.9838611690116 -1.59530661114051 0
83.8197631360322 52.6841827931847 -1.59530661114051 0
83.8124164625883 52.3845044173577 -1.59530661114051 0
83.8050697891443 52.0848260415308 -1.59530661114051 0
83.7977231157004 51.7851476657038 -1.59530661114051 0
83.7903764422565 51.4854692898768 -1.59530661114051 0
83.7830297688126 51.1857909140499 -1.59530661114051 0
83.7756830953686 50.8861125382229 -1.59530661114051 0
83.7683364219247 50.5864341623959 -1.59530661114051 0
83.7609897484808 50.286755786569 -1.59530661114051 0
83.7536430750369 49.987077410742 -1.59530661114051 0
83.746296401593 49.687399034915 -1.59530661114051 0
83.738949728149 49.3877206590881 -1.59530661114051 0
83.7316030547051 49.0880422832611 -1.59530661114051 0
83.7242563812612 48.7883639074342 -1.59530661114051 0
83.7169097078173 48.4886855316072 -1.59530661114051 0
83.7095630343733 48.1890071557802 -1.59530661114051 0
83.7022163609294 47.8893287799533 -1.59530661114051 0
83.6948696874855 47.5896504041263 -1.59530661114051 0
83.6875230140416 47.2899720282993 -1.59530661114051 0
83.6801763405977 46.9902936524724 -1.59530661114051 0
83.6728296671537 46.6906152766454 -1.59530661114051 0
83.6654829937098 46.3909369008185 -1.59530661114051 0
83.6581363202659 46.0912585249915 -1.59530661114051 0
83.650789646822 45.7915801491645 -1.59530661114051 0
83.643442973378 45.4919017733376 -1.59530661114051 0
83.6360962999341 45.1922233975106 -1.59530661114051 0
83.6287496264902 44.8925450216836 -1.59530661114051 0
83.6214029530463 44.5928666458567 -1.59530661114051 0
83.6140562796024 44.2931882700297 -1.59530661114051 0
83.6067096061584 43.9935098942027 -1.59530661114051 0
83.5993629327145 43.6938315183758 -1.59530661114051 0
83.5920162592706 43.3941531425488 -1.59530661114051 0
83.5846695858267 43.0944747667219 -1.59530661114051 0
83.5773229123827 42.7947963908949 -1.59530661114051 0
83.5699762389388 42.4951180150679 -1.59530661114051 0
83.5626295654949 42.195439639241 -1.59530661114051 0
83.555282892051 41.895761263414 -1.59530661114051 0
83.547936218607 41.596082887587 -1.59530661114051 0
83.5405895451631 41.2964045117601 -1.59530661114051 0
83.5332428717192 40.9967261359331 -1.59530661114051 0
83.5258961982753 40.6970477601061 -1.59530661114051 0
83.5185495248313 40.3973693842792 -1.59530661114051 0
83.5112028513874 40.0976910084522 -1.59530661114051 0
83.5038561779435 39.7980126326253 -1.59530661114051 0
83.4965095044996 39.4983342567983 -1.59530661114051 0
83.4891628310557 39.1986558809713 -1.59530661114051 0
83.4818161576117 38.8989775051444 -1.59530661114051 0
83.4744694841678 38.5992991293174 -1.59530661114051 0
83.4671228107239 38.2996207534904 -1.59530661114051 0
83.45977613728 37.9999423776635 -1.59530661114051 0
83.452429463836 37.7002640018365 -1.59530661114051 0
83.4417353791608 37.4007000046125 -1.62424379606478 0
83.4201172475422 37.1017296965878 -1.66171484792255 0
83.391099872585 36.7956692778458 -1.66551052935568 0
83.3620251203053 36.4896142366183 -1.66551052935568 0
83.3329503680256 36.1835591953908 -1.66551052935568 0
83.3016205981858 35.8777364474232 -1.68931696830389 0
83.2645645858519 35.5783919177423 -1.69428795946438 0
83.2274104632629 35.2790594007852 -1.69428795946438 0
83.1902563406739 34.9797268838281 -1.69428795946438 0
83.1531022180848 34.680394366871 -1.69428795946438 0
83.1159480954958 34.3810618499138 -1.69428795946438 0
83.0787939729068 34.0817293329567 -1.69428795946438 0
83.0416398503177 33.7823968159996 -1.69428795946438 0
83.0044857277287 33.4830642990425 -1.69428795946438 0
82.9673316051397 33.1837317820854 -1.69428795946438 0
82.9301774825506 32.8843992651282 -1.69428795946438 0
82.8930233599616 32.5850667481711 -1.69428795946438 0
82.8558692373726 32.285734231214 -1.69428795946438 0
82.8187151147835 31.9864017142569 -1.69428795946438 0
82.7815609921945 31.6870691972998 -1.69428795946438 0
82.7444068696055 31.3877366803426 -1.69428795946438 0
82.7072527470164 31.0884041633855 -1.69428795946438 0
82.6700986244274 30.7890716464284 -1.69428795946438 0
82.6329445018384 30.4897391294713 -1.69428795946438 0
82.5957903792493 30.1904066125142 -1.69428795946438 0
82.5586362566603 29.891074095557 -1.69428795946438 0
82.5214821340712 29.5917415785999 -1.69428795946438 0
82.4843280114822 29.2924090616428 -1.69428795946438 0
82.4471738888932 28.9930765446857 -1.69428795946438 0
82.4100197663041 28.6937440277285 -1.69428795946438 0
82.3728656437151 28.3944115107714 -1.69428795946438 0
82.3357115211261 28.0950789938143 -1.69428795946438 0
82.298557398537 27.7957464768572 -1.69428795946438 0
82.261403275948 27.4964139599001 -1.69428795946438 0
82.224249153359 27.1970814429429 -1.69428795946438 0
82.1871290339764 26.8977447390759 -1.69136135657451 0
82.1565040190523 26.5976918843973 -1.65365766301099 0
82.1376668384364 26.3066439389389 -1.61719853151014 0
82.1294511808501 26.0151027773518 -1.58073940000929 0
82.1318679658966 25.723455893125 -1.54428026850844 0
82.1449139813761 25.4320909202658 -1.50782113700759 0
82.1685718875551 25.1413951180871 -1.47136200550674 0
82.202810240213 24.8517548564928 -1.43490287400589 0
82.2475835324351 24.5635551024458 -1.39844374250504 0
82.3028322550972 24.2771789083002 -1.36198461100419 0
82.3684829759602 23.9930069026781 -1.32552547950334 0
82.4444484372702 23.7114167845683 -1.28906634800249 0
82.5306276717351 23.4327828213187 -1.25260721650163 0
82.6269061367221 23.1574753511896 -1.21614808500078 0
82.7330654935129 22.8858233736084 -1.18462916367504 0
82.8429214084712 22.6156292818603 -1.18462916367504 0
82.9527773234296 22.3454351901121 -1.18462916367504 0
83.062633238388 22.0752410983639 -1.18462916367504 0
83.1842710020153 21.7918510746434 -1.14607777125674 0
83.316740761268 21.5133597570621 -1.10752637883843 0
83.4598456626663 21.2401809909027 -1.06897498642013 0
83.6133730486348 20.9727207268591 -1.03042359400183 0
83.7770947735173 20.7113764177836 -0.991872201583522 0
83.9507675426069 20.4565364280619 -0.953320809165219 0
84.1341332736882 20.208579456493 -0.914769416746915 0
84.3269193831951 19.9678738924468 -0.876396001825007 0
84.5242793019058 19.7308791807769 -0.876396001825007 0
84.7216392206164 19.4938844691071 -0.876396001825007 0
84.918999139327 19.2568897574372 -0.876396001825007 0
85.1163590580377 19.0198950457673 -0.876396001825007 0
85.3137189767483 18.7829003340974 -0.876396001825007 0
85.511078895459 18.5459056224275 -0.876396001825007 0
85.7084388141696 18.3089109107576 -0.876396001825007 0
85.9057987328802 18.0719161990877 -0.876396001825007 0
86.1031586515909 17.8349214874179 -0.876396001825007 0
86.3005185703015 17.597926775748 -0.876396001825007 0
86.4978784890121 17.3609320640781 -0.876396001825007 0
86.6952384077228 17.1239373524082 -0.876396001825007 0
86.8925983264334 16.8869426407383 -0.876396001825007 0
87.0899582451441 16.6499479290684 -0.876396001825007 0
87.2873181638547 16.4129532173985 -0.876396001825007 0
87.4846780825653 16.1759585057287 -0.876396001825007 0
87.682038001276 15.9389637940588 -0.876396001825007 0
87.8793979199866 15.7019690823889 -0.876396001825007 0
88.0767578386973 15.464974370719 -0.876396001825007 0
88.2741177574079 15.2279796590491 -0.876396001825007 0
88.4714776761185 14.9909849473792 -0.876396001825007 0
88.6688375948292 14.7539902357093 -0.876396001825007 0
88.8661975135398 14.5169955240395 -0.876396001825007 0
89.0635574322504 14.2800008123696 -0.876396001825007 0
89.2609173509611 14.0430061006997 -0.876396001825007 0
89.4582772696717 13.8060113890298 -0.876396001825007 0
89.6556371883824 13.5690166773599 -0.876396001825007 0
89.852997107093 13.33202196569 -0.876396001825007 0
90.0503570258036 13.0950272540201 -0.876396001825007 0
90.2477169445143 12.8580325423503 -0.876396001825007 0
90.4450768632249 12.6210378306804 -0.876396001825007 0
90.6424367819356 12.3840431190105 -0.876396001825007 0
90.8397967006462 12.1470484073406 -0.876396001825007 0
91.0371566193568 11.9100536956707 -0.876396001825007 0
91.2345165380675 11.6730589840008 -0.876396001825007 0
91.4318764567781 11.4360642723309 -0.876396001825007 0
91.6292363754888 11.1990695606611 -0.876396001825007 0
91.8265962941994 10.9620748489912 -0.876396001825007 0
92.02395621291 10.7250801373213 -0.876396001825007 0
92.2213161316207 10.4880854256514 -0.876396001825007 0
92.4186760503313 10.2510907139815 -0.876396001825007 0
92.616035969042 10.0140960023116 -0.876396001825007 0
92.8133958877526 9.77710129064174 -0.876396001825007 0
93.0107558064632 9.54010657897186 -0.876396001825007 0
93.2081157251739 9.30311186730197 -0.876396001825007 0
93.4054756438845 9.06611715563208 -0.876396001825007 0
93.6028355625951 8.8291224439622 -0.876396001825007 0
93.8028 8.59434 -0.847167 0
