93.8028 8.59434 -0.847167 0
93.6069226730401 8.8214954807659 -0.862225832024811 0
93.4117311047477 9.04924468483383 -0.862225832024811 0
93.2165395364554 9.27699388890176 -0.862225832024811 0
93.021347968163 9.5047430929697 -0.862225832024811 0
92.8261563998707 9.73249229703763 -0.862225832024811 0
92.6309648315783 9.96024150110557 -0.862225832024811 0
92.435773263286 10.1879907051735 -0.862225832024811 0
92.2405816949936 10.4157399092414 -0.862225832024811 0
92.0453901267012 10.6434891133094 -0.862225832024811 0
91.8501985584089 10.8712383173773 -0.862225832024811 0
91.6550069901165 11.0989875214452 -0.862225832024811 0
91.4598154218242 11.3267367255132 -0.862225832024811 0
91.2646238535318 11.5544859295811 -0.862225832024811 0
91.0694322852395 11.782235133649 -0.862225832024811 0
90.8742407169471 12.009984337717 -0.862225832024811 0
90.6790491486548 12.2377335417849 -0.862225832024811 0
90.4838575803624 12.4654827458528 -0.862225832024811 0
90.2886660120701 12.6932319499208 -0.862225832024811 0
90.0934744437777 12.9209811539887 -0.862225832024811 0
89.8982828754854 13.1487303580566 -0.862225832024811 0
89.703091307193 13.3764795621246 -0.862225832024811 0
89.5078997389007 13.6042287661925 -0.862225832024811 0
89.3127081706083 13.8319779702604 -0.862225832024811 0
89.117516602316 14.0597271743284 -0.862225832024811 0
88.9223250340236 14.2874763783963 -0.862225832024811 0
88.7271334657313 14.5152255824643 -0.862225832024811 0
88.5319418974389 14.7429747865322 -0.862225832024811 0
88.3367503291466 14.9707239906001 -0.862225832024811 0
88.1415587608542 15.1984731946681 -0.862225832024811 0
87.9463671925619 15.426222398736 -0.862225832024811 0
87.7511756242695 15.6539716028039 -0.862225832024811 0
87.5559840559771 15.8817208068719 -0.862225832024811 0
87.3607924876848 16.1094700109398 -0.862225832024811 0
87.1656009193924 16.3372192150077 -0.862225832024811 0
86.9704093511001 16.5649684190757 -0.862225832024811 0
86.7752177828077 16.7927176231436 -0.862225832024811 0
86.5800262145154 17.0204668272115 -0.862225832024811 0
86.384834646223 17.2482160312795 -0.862225832024811 0
86.1896430779307 17.4759652353474 -0.862225832024811 0
85.9944515096383 17.7037144394153 -0.862225832024811 0
85.799259941346 17.9314636434833 -0.862225832024811 0
85.6040683730536 18.1592128475512 -0.862225832024811 0
85.4088768047613 18.3869620516191 -0.862225832024811 0
85.2136852364689 18.6147112556871 -0.862225832024811 0
85.0184936681766 18.842460459755 -0.862225832024811 0
84.8233020998842 19.0702096638229 -0.862225832024811 0
84.6281105315919 19.2979588678909 -0.862225832024811 0
84.4329189632995 19.5257080719588 -0.862225832024811 0
84.2378085893246 19.7535266211116 -0.867392473888864 0
84.0481296917653 19.9858643599422 -0.904886108408191 0
83.8672932467066 20.2251488960132 -0.942379742927518 0
83.695553439294 20.4710438890776 -0.979873377446844 0
83.5331516683669 20.723203707177 -1.01736701196617 0
83.3803162071463 20.9812739124656 -1.0548606464855 0
83.2372618823721 21.2448917594101 -1.09235428100482 0
83.1041897723412 21.5136867046678 -1.12984791552415 0
82.9812869242697 21.7872809279258 -1.16734155004348 0
82.8687260913787 22.0652898629677 -1.2048351845628 0
82.76666549007 22.3473227382229 -1.24232881908213 0
82.6752485775368 22.6329831260388 -1.27982245360146 0
82.5946038501184 22.921869499902 -1.31731608812078 0
82.5248446626851 23.2135757988275 -1.35480972264011 0
82.4660690693057 23.5076919981215 -1.39230335715944 0
82.4183596854217 23.8038046857146 -1.42979699167876 0
82.3817835717226 24.1014976432579 -1.46729062619809 0
82.3563921398847 24.4003524311624 -1.50478426071742 0
82.3422210803066 24.6999489767611 -1.54227789523674 0
82.3392903119424 24.9998661647664 -1.57977152975607 0
82.3476039543034 25.2996824291933 -1.6172651642754 0
82.3671503216678 25.5989763459158 -1.65475879879472 0
82.3979724300163 25.8979045723436 -1.69232513764248 0
82.4362569267249 26.1959864151825 -1.69915385814193 0
82.4747264682992 26.4940448029092 -1.69915385814193 0
82.5131960098735 26.7921031906358 -1.69915385814193 0
82.5516655514479 27.0901615783625 -1.69915385814193 0
82.5901350930222 27.3882199660892 -1.69915385814193 0
82.6286046345965 27.6862783538158 -1.69915385814193 0
82.6670741761708 27.9843367415425 -1.69915385814193 0
82.7055437177452 28.2823951292692 -1.69915385814193 0
82.7440132593195 28.5804535169958 -1.69915385814193 0
82.7824828008938 28.8785119047225 -1.69915385814193 0
82.8209523424681 29.1765702924491 -1.69915385814193 0
82.8594218840424 29.4746286801758 -1.69915385814193 0
82.8978914256168 29.7726870679025 -1.69915385814193 0
82.9363609671911 30.0707454556291 -1.69915385814193 0
82.9748305087654 30.3688038433558 -1.69915385814193 0
83.0133000503398 30.6668622310825 -1.69915385814193 0
83.0517695919141 30.9649206188091 -1.69915385814193 0
83.0902391334884 31.2629790065358 -1.69915385814193 0
83.1287086750627 31.5610373942625 -1.69915385814193 0
83.167178216637 31.8590957819891 -1.69915385814193 0
83.2056477582114 32.1571541697158 -1.69915385814193 0
83.2441172997857 32.4552125574424 -1.69915385814193 0
83.28258684136 32.7532709451691 -1.69915385814193 0
83.3210563829343 33.0513293328958 -1.69915385814193 0
83.3595259245087 33.3493877206224 -1.69915385814193 0
83.397995466083 33.6474461083491 -1.69915385814193 0
83.4364650076573 33.9455044960758 -1.69915385814193 0
83.4749345492316 34.2435628838024 -1.69915385814193 0
83.513404090806 34.5416212715291 -1.69915385814193 0
83.5518736323803 34.8396796592558 -1.69915385814193 0
83.5903431739546 35.1377380469824 -1.69915385814193 0
83.6288127155289 35.4357964347091 -1.69915385814193 0
83.6672822571033 35.7338548224357 -1.69915385814193 0
83.7057517986776 36.0319132101624 -1.69915385814193 0
83.7442213402519 36.3299715978891 -1.69915385814193 0
83.7826908818262 36.6280299856157 -1.69915385814193 0
83.8211604234006 36.9260883733424 -1.69915385814193 0
83.8596299649749 37.2241467610691 -1.69915385814193 0
83.8980995065492 37.5222051487957 -1.69915385814193 0
83.9365690481235 37.8202635365224 -1.69915385814193 0
83.9750385896978 38.1183219242491 -1.69915385814193 0
84.0135081312722 38.4163803119757 -1.69915385814193 0
84.0519776728465 38.7144386997024 -1.69915385814193 0
84.0904472144208 39.0124970874291 -1.69915385814193 0
84.1289167559951 39.3105554751557 -1.69915385814193 0
84.1673862975695 39.6086138628824 -1.69915385814193 0
84.2058558391438 39.906672250609 -1.69915385814193 0
84.2443253807181 40.2047306383357 -1.69915385814193 0
84.2827949222924 40.5027890260624 -1.69915385814193 0
84.3212644638668 40.800847413789 -1.69915385814193 0
84.3597340054411 41.0989058015157 -1.69915385814193 0
84.3982035470154 41.3969641892424 -1.69915385814193 0
84.4366730885897 41.695022576969 -1.69915385814193 0
84.4751426301641 41.9930809646957 -1.69915385814193 0
84.5136121717384 42.2911393524223 -1.69915385814193 0
84.5520817133127 42.589197740149 -1.69915385814193 0
84.590551254887 42.8872561278757 -1.69915385814193 0
84.6290207964614 43.1853145156023 -1.69915385814193 0
84.6674903380357 43.483372903329 -1.69915385814193 0
84.70595987961 43.7814312910557 -1.69915385814193 0
84.7444294211843 44.0794896787823 -1.69915385814193 0
84.7828989627587 44.377548066509 -1.69915385814193 0
84.821368504333 44.6756064542357 -1.69915385814193 0
84.8598380459073 44.9736648419623 -1.69915385814193 0
84.8983075874816 45.271723229689 -1.69915385814193 0
84.936777129056 45.5697816174157 -1.69915385814193 0
84.9752466706303 45.8678400051423 -1.69915385814193 0
85.0137162122046 46.165898392869 -1.69915385814193 0
85.0521857537789 46.4639567805957 -1.69915385814193 0
85.0906552953532 46.7620151683223 -1.69915385814193 0
85.1291248369276 47.060073556049 -1.69915385814193 0
85.1675943785019 47.3581319437756 -1.69915385814193 0
85.2060639200762 47.6561903315023 -1.69915385814193 0
85.2445334616505 47.954248719229 -1.69915385814193 0
85.2830030032249 48.2523071069556 -1.69915385814193 0
85.3214725447992 48.5503654946823 -1.69915385814193 0
85.3599420863735 48.848423882409 -1.69915385814193 0
85.3984116279478 49.1464822701356 -1.69915385814193 0
85.4368811695222 49.4445406578623 -1.69915385814193 0
85.4753507110965 49.7425990455889 -1.69915385814193 0
85.5138202526708 50.0406574333156 -1.69915385814193 0
85.5522897942451 50.3387158210423 -1.69915385814193 0
85.5907593358195 50.6367742087689 -1.69915385814193 0
85.6292288773938 50.9348325964956 -1.69915385814193 0
85.6676984189681 51.2328909842223 -1.69915385814193 0
85.7061679605424 51.5309493719489 -1.69915385814193 0
85.7446375021168 51.8290077596756 -1.69915385814193 0
85.7831070436911 52.1270661474023 -1.69915385814193 0
85.8215765852654 52.4251245351289 -1.69915385814193 0
85.8600461268397 52.7231829228556 -1.69915385814193 0
85.898515668414 53.0212413105822 -1.69915385814193 0
85.9369852099884 53.3192996983089 -1.69915385814193 0
85.9754547515627 53.6173580860356 -1.69915385814193 0
86.013924293137 53.9154164737622 -1.69915385814193 0
86.0523938347114 54.2134748614889 -1.69915385814193 0
86.0908633762857 54.5115332492156 -1.69915385814193 0
86.1326182821488 54.8091355027375 -1.727950359621 0
86.1852173646187 55.1050095020035 -1.76551669846876 0
86.2488916255732 55.3986992624825 -1.80308303731651 0
86.3235512165639 55.689790369168 -1.84064937616427 0
86.4090907881405 55.97787207392 -1.87821571501202 0
86.5053896385049 56.2625378750568 -1.91578205385978 0
86.6123118838299 56.5433860909546 -1.95334839270753 0
86.7232369551117 56.8353991795516 -1.91429946204243 0
86.8226775656082 57.1315200675939 -1.87525053137733 0
86.910482105655 57.4312972817014 -1.83620160071223 0
86.986516706234 57.7342737739671 -1.79715267004713 0
87.050665443074 58.0399876187839 -1.75810373938203 0
87.1028305133919 58.3479727171079 -1.71905480871693 0
87.1429323850048 58.6577595070845 -1.68000587805183 0
87.170909917587 58.9688756799548 -1.64095694738673 0
87.1867204558862 59.2808469001492 -1.60190801672163 0
87.1903398947566 59.5931975284711 -1.56285908605653 0
87.1819263158263 59.9019557408273 -1.52424758448432 0
87.1616003515983 60.2101590457836 -1.48563608291211 0
87.1293923012323 60.517348016125 -1.4470245813399 0
87.0853501760723 60.8230647366674 -1.40841307976769 0
87.0295396280777 61.1268534868547 -1.36980157819547 0
86.9620438519588 61.4282614200846 -1.33119007662326 0
86.8829634611611 61.7268392387501 -1.29257857505105 0
86.7924163378849 62.0221418639911 -1.25396707347884 0
86.6905374573624 62.3137290991563 -1.21535557190662 0
86.5774786866555 62.6011662859886 -1.17674407033441 0
86.4534085582728 62.8840249525535 -1.1381325687622 0
86.3185120189448 63.1618834519469 -1.09952106718999 0
86.392724367803 63.0277135431106 -1.06090956561777 0
86.5486546344668 62.7610898870972 -1.02229806404556 0
86.7147608633252 62.5006841599285 -0.983686562473351 0
86.8907954459945 62.2468845387463 -0.945075060901138 0
87.0764959742633 62.0000693532157 -0.906463559328926 0
87.2715856312539 61.7606065215631 -0.867852057756714 0
87.4757736040635 61.5288530021341 -0.829240556184502 0
87.6887555172678 61.3051542612891 -0.790629054612289 0
87.9102138866423 61.0898437584293 -0.752017553040077 0
88.1398185924245 60.8832424489211 -0.713406051467865 0
88.3772273714105 60.6856583056602 -0.674794549895653 0
88.6220863271548 60.4973858599874 -0.636183048323441 0
88.8740304575101 60.3187057626421 -0.597571546751228 0
89.1326841987224 60.1498843654062 -0.558960045179016 0
89.3976619852704 59.991173324064 -0.520348543606804 0
89.6685688246131 59.8428092232675 -0.481737042034592 0
89.9450008859911 59.7050132238694 -0.44312554046238 0
90.2265461024015 59.5779907332458 -0.404514038890167 0
90.5127847848514 59.461931099104 -0.365902537317955 0
90.8032902479724 59.3570073272282 -0.327291035745743 0
91.0976294460647 59.2633758235865 -0.28867953417353 0
91.3927269009823 59.1721545211795 -0.318624495283363 0
91.6841307691266 59.0697523354689 -0.357235996855575 0
91.9713645250283 58.9561777279266 -0.395847498427788 0
92.254 58.8316 -0.434459 0
