93.8028 8.59434 -0.847167 0
93.6098422472888 8.82100503294673 -0.880341017202192 0
93.4202469789454 9.05051095678797 -0.880341017202192 0
93.230651710602 9.2800168806292 -0.880341017202192 0
93.0410564422585 9.50952280447044 -0.880341017202192 0
92.8514611739151 9.73902872831168 -0.880341017202192 0
92.6618659055717 9.96853465215291 -0.880341017202192 0
92.4722706372283 10.1980405759942 -0.880341017202192 0
92.2826753688849 10.4275464998354 -0.880341017202192 0
92.0930801005414 10.6570524236766 -0.880341017202192 0
91.903484832198 10.8865583475179 -0.880341017202192 0
91.7138895638546 11.1160642713591 -0.880341017202192 0
91.5242942955112 11.3455701952003 -0.880341017202192 0
91.3346990271678 11.5750761190416 -0.880341017202192 0
91.1451037588243 11.8045820428828 -0.880341017202192 0
90.9555084904809 12.034087966724 -0.880341017202192 0
90.7659132221375 12.2635938905653 -0.880341017202192 0
90.5763179537941 12.4930998144065 -0.880341017202192 0
90.3867226854507 12.7226057382478 -0.880341017202192 0
90.1971274171073 12.952111662089 -0.880341017202192 0
90.0075321487638 13.1816175859302 -0.880341017202192 0
89.8179368804204 13.4111235097715 -0.880341017202192 0
89.628341612077 13.6406294336127 -0.880341017202192 0
89.4387463437336 13.8701353574539 -0.880341017202192 0
89.2491510753902 14.0996412812952 -0.880341017202192 0
89.0595558070467 14.3291472051364 -0.880341017202192 0
88.8699605387033 14.5586531289777 -0.880341017202192 0
88.6803652703599 14.7881590528189 -0.880341017202192 0
88.4907700020165 15.0176649766601 -0.880341017202192 0
88.3011747336731 15.2471709005014 -0.880341017202192 0
88.1115794653297 15.4766768243426 -0.880341017202192 0
87.9219841969862 15.7061827481838 -0.880341017202192 0
87.7323889286428 15.9356886720251 -0.880341017202192 0
87.5427936602994 16.1651945958663 -0.880341017202192 0
87.353198391956 16.3947005197076 -0.880341017202192 0
87.1636031236126 16.6242064435488 -0.880341017202192 0
86.9740078552691 16.85371236739 -0.880341017202192 0
86.7844125869257 17.0832182912313 -0.880341017202192 0
86.5948173185823 17.3127242150725 -0.880341017202192 0
86.4052220502389 17.5422301389137 -0.880341017202192 0
86.2156267818955 17.771736062755 -0.880341017202192 0
86.0260344720372 18.0012444289818 -0.881320352336866 0
85.8396571733865 18.2349946805159 -0.905513241431453 0
85.6551100385446 18.4702048849719 -0.905513241431453 0
85.4705629037028 18.7054150894278 -0.905513241431453 0
85.286015768861 18.9406252938838 -0.905513241431453 0
85.1014686340192 19.1758354983397 -0.905513241431453 0
84.9169214991773 19.4110457027956 -0.905513241431453 0
84.7323743643355 19.6462559072516 -0.905513241431453 0
84.5478272294937 19.8814661117075 -0.905513241431453 0
84.3632800946519 20.1166763161635 -0.905513241431453 0
84.17873295981 20.3518865206194 -0.905513241431453 0
83.9941858249682 20.5870967250754 -0.905513241431453 0
83.8097150065991 20.8223666058248 -0.910434589562334 0
83.6307817509842 21.0618535018527 -0.94780551017134 0
83.4609211913613 21.3078585294815 -0.985176430780345 0
83.3003705249528 21.5600381615889 -1.02254735138935 0
83.1493539484303 21.8180402486919 -1.05991827199836 0
83.0080823448414 22.0815045106961 -1.09728919260736 0
82.8767529891276 22.35006304 -1.13466011321637 0
82.7555492726451 22.6233408152487 -1.17203103382537 0
82.6444770347322 22.9013885755798 -1.20945972967196 0
82.5438871240471 23.1833979174969 -1.24688842551855 0
82.4539204412768 23.4689738181808 -1.28431712136514 0
82.3747030066887 23.7577162589778 -1.32174581721173 0
82.3008766897834 24.0478931491661 -1.30612613488736 0
82.217159036704 24.3353630669366 -1.26869743904078 0
82.1227429050263 24.619498937849 -1.23126874319419 0
82.0177605475554 24.8999027603621 -1.1938400473476 0
81.9023590176706 25.1761817605782 -1.15641135150101 0
81.7766999633422 25.4479489424185 -1.11898265565442 0
81.6409594007032 25.7148236297055 -1.08155395980783 0
81.4953274674964 25.9764319993931 -1.04412526396124 0
81.3400081567398 26.2324076051961 -1.00669656811465 0
81.175219030985 26.4823918908884 -0.969267872268064 0
81.0011909175676 26.7260346925479 -0.931839176421475 0
80.8181675852771 26.9629947290465 -0.894410480574886 0
80.6264054028997 27.1929400800975 -0.856981784728297 0
80.4261729801111 27.4155486511911 -0.819553088881708 0
80.217750791223 27.6305086247657 -0.782124393035119 0
80.0014307823108 27.8375188969852 -0.744695697188531 0
79.7775159622719 28.0362894995075 -0.707267001341942 0
79.5463199783877 28.2265420056563 -0.669838305495353 0
79.3081666769842 28.4080099204257 -0.632409609648764 0
79.0633896498064 28.5804390537707 -0.594980913802175 0
78.8123317667417 28.7435878766631 -0.557552217955586 0
78.5553446955469 28.8972278594113 -0.520123522108997 0
78.2927884092522 29.0411437917719 -0.482694826262408 0
78.0250306819306 29.1751340844044 -0.445266130415819 0
77.7524465735414 29.2990110512456 -0.407837434569231 0
77.4754179045667 29.4126011724103 -0.370408738722642 0
77.1943327211791 29.515745337248 -0.332980042876053 0
76.9095847516882 29.6082990672159 -0.295551347029464 0
76.6215728550286 29.6901327182566 -0.258122651182875 0
76.3307004620601 29.7611316623959 -0.220693955336286 0
76.037375010465 29.8211964483078 -0.183265259489697 0
75.742007374032 29.8702429406196 -0.145836563643108 0
75.4450112871274 29.9082024377645 -0.108407867796519 0
75.1468027651594 29.9350217682147 -0.0709791719499304 0
75.2610296630099 29.9314433139584 -0.0335504761033416 0
75.5604088007469 29.9270013607845 0.00387821974324742 0
75.8597444794567 29.9337652732213 0.0413069155898362 0
76.1586174065627 29.9517255767607 0.078735611436425 0
76.4566089376845 29.98085711362 0.116164307283014 0
76.757029700825 30.0216971242225 0.154064576350301 0
77.0556872461796 30.0738911084992 0.191964845417589 0
77.3521526243224 30.1373641023985 0.229865114484876 0
77.6460000343462 30.2120249422961 0.267765383552163 0
77.9368074354226 30.2977663959291 0.30566565261945 0
78.2241571529619 30.3944653164094 0.343565921686738 0
78.5076364785013 30.5019828190944 0.381466190754025 0
78.7868382624616 30.6201644810614 0.419366459821312 0
79.0613614989188 30.7488405628987 0.457266728888599 0
79.3308119015522 30.8878262524952 0.495166997955887 0
79.5948024699417 31.0369219304785 0.533067267023174 0
79.8529540454002 31.19591345692 0.570967536090461 0
80.1048958555439 31.3645724788947 0.608867805157748 0
80.3502660468165 31.5426567584557 0.646768074225036 0
80.5887122042053 31.7299105205499 0.684668343292323 0
80.8198918573995 31.9260648203776 0.72256861235961 0
81.0434729726668 32.1308379296663 0.760468881426897 0
81.259134429739 32.3439357413056 0.798369150494185 0
81.4665664830239 32.5650521917607 0.836269419561472 0
81.6654712064805 32.7938697006594 0.874169688628759 0
81.855562921517 33.0300596269188 0.912069957696046 0
82.0365686072996 33.2732827407593 0.949970226763334 0
82.208228292881 33.5231897109262 0.987870495830621 0
82.3702954305857 33.7794216064195 1.02577076489791 0
82.5225372501162 34.0416104120119 1.0636710339652 0
82.6647350928713 34.3093795568134 1.10157130303248 0
82.7966847259964 34.5823444551246 1.13947157209977 0
82.9181966357149 34.8601130588013 1.17737184116706 0
83.0290962995184 35.1422864203367 1.21527211023434 0
83.1292244368268 35.4284592658533 1.25317237930163 0
83.2184372377557 35.718220577181 1.29107264836892 0
83.2966065696652 36.0111541821852 1.32897291743621 0
83.363620161191 36.3068393524976 1.36687318650349 0
83.4193817634956 36.6048514077913 1.40477345557078 0
83.4638112885057 36.9047623257308 1.44267372463807 0
83.4968449239404 37.2061413567231 1.48057399370536 0
83.5184352249613 37.5085556425856 1.51847426277264 0
83.5285839432559 37.811570303214 1.55351248204471 0
83.5338241812754 38.1147271688947 1.55351248204471 0
83.5390644192948 38.4178840345755 1.55351248204471 0
83.5443046573143 38.7210409002562 1.55351248204471 0
83.5495448953337 39.0241977659369 1.55351248204471 0
83.5547851333532 39.3273546316176 1.55351248204471 0
83.5600253713727 39.6305114972983 1.55351248204471 0
83.5652656093921 39.933668362979 1.55351248204471 0
83.5705058474116 40.2368252286598 1.55351248204471 0
83.575746085431 40.5399820943405 1.55351248204471 0
83.5809863234505 40.8431389600212 1.55351248204471 0
83.5862265614699 41.1462958257019 1.55351248204471 0
83.5914667994894 41.4494526913826 1.55351248204471 0
83.5967070375089 41.7526095570633 1.55351248204471 0
83.6019472755283 42.0557664227441 1.55351248204471 0
83.6071875135478 42.3589232884248 1.55351248204471 0
83.6124277515672 42.6620801541055 1.55351248204471 0
83.6176679895867 42.9652370197862 1.55351248204471 0
83.6229082276062 43.2683938854669 1.55351248204471 0
83.6281484656256 43.5715507511476 1.55351248204471 0
83.6333887036451 43.8747076168284 1.55351248204471 0
83.6386289416645 44.1778644825091 1.55351248204471 0
83.643869179684 44.4810213481898 1.55351248204471 0
83.6491094177035 44.7841782138705 1.55351248204471 0
83.6543496557229 45.0873350795512 1.55351248204471 0
83.6595898937424 45.390491945232 1.55351248204471 0
83.6648301317618 45.6936488109127 1.55351248204471 0
83.6700703697813 45.9968056765934 1.55351248204471 0
83.6753106078008 46.2999625422741 1.55351248204471 0
83.6805508458202 46.6031194079548 1.55351248204471 0
83.6857910838397 46.9062762736355 1.55351248204471 0
83.6910313218591 47.2094331393163 1.55351248204471 0
83.6962715598786 47.512590004997 1.55351248204471 0
83.701511797898 47.8157468706777 1.55351248204471 0
83.7067520359175 48.1189037363584 1.55351248204471 0
83.711992273937 48.4220606020391 1.55351248204471 0
83.7172325119564 48.7252174677198 1.55351248204471 0
83.7224727499759 49.0283743334006 1.55351248204471 0
83.7277129879953 49.3315311990813 1.55351248204471 0
83.7329532260148 49.634688064762 1.55351248204471 0
83.7381934640343 49.9378449304427 1.55351248204471 0
83.7434337020537 50.2410017961234 1.55351248204471 0
83.7486739400732 50.5441586618042 1.55351248204471 0
83.7539141780926 50.8473155274849 1.55351248204471 0
83.7591544161121 51.1504723931656 1.55351248204471 0
83.7643946541316 51.4536292588463 1.55351248204471 0
83.769634892151 51.756786124527 1.55351248204471 0
83.7748751301705 52.0599429902077 1.55351248204471 0
83.7801153681899 52.3630998558885 1.55351248204471 0
83.7821969170076 52.6589289176631 1.56580230079407 0
83.783674334744 52.9547634715212 1.56580230079407 0
83.7851517524803 53.2505980253793 1.56580230079407 0
83.7866291702167 53.5464325792374 1.56580230079407 0
83.788106587953 53.8422671330955 1.56580230079407 0
83.7895840056894 54.1381016869535 1.56580230079407 0
83.7910614234257 54.4339362408116 1.56580230079407 0
83.7925388411621 54.7297707946697 1.56580230079407 0
83.7940162588984 55.0256053485278 1.56580230079407 0
83.7954936766347 55.3214399023858 1.56580230079407 0
83.7969710943711 55.6172744562439 1.56580230079407 0
83.7984485121074 55.913109010102 1.56580230079407 0
83.7999259298438 56.2089435639601 1.56580230079407 0
83.8014033475801 56.5047781178182 1.56580230079407 0
83.8028807653165 56.8006126716762 1.56580230079407 0
83.8043581830528 57.0964472255343 1.56580230079407 0
83.8058356007891 57.3922817793924 1.56580230079407 0
83.8073130185255 57.6881163332505 1.56580230079407 0
83.8087904362618 57.9839508871085 1.56580230079407 0
83.8102678539982 58.2797854409666 1.56580230079407 0
83.8117452717345 58.5756199948247 1.56580230079407 0
83.8132226894709 58.8714545486828 1.56580230079407 0
83.8147001072072 59.1672891025409 1.56580230079407 0
83.8117751206339 59.4630969570931 1.59897842124856 0
83.7979735612915 59.7585962121513 1.63595820162319 0
83.7732564305618 60.0533831796867 1.67293798199782 0
83.7376575253722 60.3470547832332 1.70991776237245 0
83.6912255218259 60.6392094714155 1.74689754274708 0
83.6340239086452 60.9294477670103 1.78387732312171 0
83.5620632730253 61.2332311992619 1.82290357185332 0
83.4783049116112 61.533975681643 1.86192982058493 0
83.3828763762251 61.8312232239768 1.90095606931654 0
83.2759229906697 62.1245211614187 1.93998231804815 0
83.1576076294207 62.4134228437986 1.97900856677976 0
83.0281104695932 62.6974883158047 2.01803481551137 0
82.8876287165578 62.9762849869712 2.05706106424298 0
82.7363763036256 63.249388290451 2.09608731297459 0
82.5748086604661 63.5165231031872 2.12696663168778 0
82.4099812734201 63.781677794346 2.12696663168778 0
82.2451538863741 64.0468324855048 2.12696663168778 0
82.0803264993281 64.3119871766636 2.12696663168778 0
81.915499112282 64.5771418678224 2.12696663168778 0
81.750671725236 64.8422965589812 2.12696663168778 0
81.58584433819 65.10745125014 2.12696663168778 0
81.421016951144 65.3726059412988 2.12696663168778 0
81.256189564098 65.6377606324576 2.12696663168778 0
81.0913621770519 65.9029153236164 2.12696663168778 0
80.9265347900059 66.1680700147752 2.12696663168778 0
80.7617074029599 66.433224705934 2.12696663168778 0
80.5968800159139 66.6983793970929 2.12696663168778 0
80.4277471934741 66.9607860770039 2.16270126395228 0
80.2485409173118 67.2164182685867 2.20172751268389 0
80.0594972604465 67.464863841275 2.2407537614155 0
79.8609041089173 67.7057444485375 2.27978001014711 0
79.653063891257 67.9386932641866 2.31880625887873 0
79.4362931179374 68.1633555410019 2.35783250761034 0
79.2109218993696 68.3793891509581 2.39685875634195 0
78.9772934431944 68.5864651062368 2.43588500507356 0
78.7357635316259 68.7842680602268 2.47491125380517 0
78.4866999796479 68.9724967877514 2.51393750253678 0
78.2304820748845 69.1508646437907 2.55296375126839 0
77.9675 69.3191 2.59199 0
