93.8028 8.59434 -0.847167 0
93.6097259699733 8.82099653590423 -0.878051745014559 0
93.4195626107246 9.05011985812455 -0.878051745014559 0
93.229399251476 9.27924318034487 -0.878051745014559 0
93.0392358922273 9.50836650256519 -0.878051745014559 0
92.8490725329787 9.7374898247855 -0.878051745014559 0
92.65890917373 9.96661314700582 -0.878051745014559 0
92.4687458144814 10.1957364692261 -0.878051745014559 0
92.2785824552327 10.4248597914465 -0.878051745014559 0
92.0884190959841 10.6539831136668 -0.878051745014559 0
91.8982557367354 10.8831064358871 -0.878051745014559 0
91.7080923774868 11.1122297581074 -0.878051745014559 0
91.5179290182381 11.3413530803277 -0.878051745014559 0
91.3277656589895 11.5704764025481 -0.878051745014559 0
91.1376022997408 11.7995997247684 -0.878051745014559 0
90.9474389404922 12.0287230469887 -0.878051745014559 0
90.7572755812435 12.257846369209 -0.878051745014559 0
90.5671122219949 12.4869696914293 -0.878051745014559 0
90.3769488627462 12.7160930136496 -0.878051745014559 0
90.1867855034976 12.94521633587 -0.878051745014559 0
89.9966221442489 13.1743396580903 -0.878051745014559 0
89.8064587850003 13.4034629803106 -0.878051745014559 0
89.6162954257516 13.6325863025309 -0.878051745014559 0
89.426132066503 13.8617096247512 -0.878051745014559 0
89.2359687072543 14.0908329469716 -0.878051745014559 0
89.0458053480057 14.3199562691919 -0.878051745014559 0
88.8556419887571 14.5490795914122 -0.878051745014559 0
88.6654786295084 14.7782029136325 -0.878051745014559 0
88.4753152702598 15.0073262358528 -0.878051745014559 0
88.2851519110111 15.2364495580731 -0.878051745014559 0
88.0949885517625 15.4655728802935 -0.878051745014559 0
87.9048251925138 15.6946962025138 -0.878051745014559 0
87.7146618332652 15.9238195247341 -0.878051745014559 0
87.5244984740165 16.1529428469544 -0.878051745014559 0
87.3343351147679 16.3820661691747 -0.878051745014559 0
87.1441717555192 16.6111894913951 -0.878051745014559 0
86.9540083962706 16.8403128136154 -0.878051745014559 0
86.7638450370219 17.0694361358357 -0.878051745014559 0
86.5736816777733 17.298559458056 -0.878051745014559 0
86.3835183185246 17.5276827802763 -0.878051745014559 0
86.193354959276 17.7568061024966 -0.878051745014559 0
86.0031916000273 17.985929424717 -0.87805174501456 0
85.8065110024541 18.2229052128515 -0.87805174501456 0
85.6098304048808 18.459881000986 -0.87805174501456 0
85.4131498073076 18.6968567891206 -0.87805174501456 0
85.2164692097343 18.9338325772551 -0.87805174501456 0
85.0197886121611 19.1708083653897 -0.87805174501456 0
84.8231080145878 19.4077841535242 -0.87805174501456 0
84.6264274170146 19.6447599416587 -0.87805174501456 0
84.4297468194413 19.8817357297933 -0.87805174501456 0
84.2330662218681 20.1187115179278 -0.87805174501456 0
84.0363856242949 20.3556873060623 -0.87805174501456 0
83.8410541348322 20.5937670369813 -0.898927756755297 0
83.6540491659201 20.8384264162401 -0.937423044945817 0
83.4765986473929 21.0901015714136 -0.975918333136337 0
83.3089655084332 21.3484195943614 -1.01441362132686 0
83.1513981317709 21.6129977341782 -1.05290890951738 0
83.0041299856535 21.8834439643169 -1.0914041977079 0
82.8673792779147 22.1593575634564 -1.12989948589842 0
82.7413486326559 22.4403297092516 -1.16839477408894 0
82.6288823147398 22.7189763224393 -1.20595789290046 0
82.5269597063826 23.0016499675006 -1.24352101171199 0
82.4357246022422 23.2879518422396 -1.28108413052352 0
82.3553057188101 23.577478025674 -1.31864724933505 0
82.2818298874568 23.8688561545262 -1.31092421364705 0
82.1991774034969 24.1577526318357 -1.27336109483552 0
82.1057339225989 24.4433413633785 -1.23579797602399 0
82.0016312768809 24.7252194342905 -1.19823485721246 0
81.8870163366453 25.0029891647893 -1.16067173840094 0
81.7620508031708 25.2762586712294 -1.12310861958941 0
81.6269109805807 25.5446424189805 -1.08554550077788 0
81.4817875271092 25.8077617663479 -1.04798238196635 0
81.3268851861164 26.0652454987691 -1.01041926315483 0
81.1624224972322 26.3167303525308 -0.972856144343298 0
80.9886314880354 26.5618615272698 -0.93529302553177 0
80.8057573467046 26.8002931865332 -0.897729906720242 0
80.6140580761005 27.0316889456915 -0.860166787908714 0
80.4138041297708 27.2557223465181 -0.822603669097186 0
80.2052780303875 27.4720773177635 -0.785040550285659 0
79.9887739711583 27.6804486210753 -0.747477431474131 0
79.7645974007721 27.8805422816356 -0.709914312662603 0
79.5330645924652 28.0720760029071 -0.672351193851075 0
79.2945021978162 28.2547795649028 -0.634788075039547 0
79.0492467858988 28.4283952054188 -0.597224956228019 0
78.7976443684425 28.5926779836908 -0.559661837416492 0
78.5400499116722 28.7473961259617 -0.522098718604964 0
78.2768268355132 28.8923313524732 -0.484535599793436 0
78.0083465008711 29.02727918542 -0.446972480981908 0
77.7349876857073 29.1520492374311 -0.40940936217038 0
77.457136050651 29.2664654801727 -0.371846243358852 0
77.1751835949003 29.3703664926929 -0.334283124547325 0
76.8895281031814 29.463605689158 -0.296720005735797 0
76.6005725845453 29.5460515256586 -0.259156886924269 0
76.3087247037932 29.6175876857953 -0.221593768112741 0
76.0143962063347 29.6781132447799 -0.184030649301213 0
75.7180023372879 29.7275428118224 -0.146467530489685 0
75.4199612556424 29.7658066506025 -0.108904411678157 0
75.4246558992345 29.768215174542 -0.0713412928666295 0
75.7247282266393 29.7524289136669 -0.0337781740551018 0
76.0251817214788 29.747922790573 0.00378494475642599 0
76.3255924973537 29.7547031625978 0.041348063567954 0
76.6251109781156 29.7727268089326 0.0788577976129361 0
76.9237428716459 29.8019700015007 0.116367531657918 0
77.2210680580608 29.8423916005347 0.153877265702901 0
77.5166682557716 29.8939347403151 0.191386999747883 0
77.8101276099301 29.9565269091699 0.228896733792865 0
78.1010332774594 30.0300800514852 0.266406467837847 0
78.3889760078475 30.1144906915831 0.303916201882829 0
78.6735507188876 30.2096400792929 0.341425935927811 0
78.9543570665535 30.3153943570108 0.378935669972794 0
79.2310000082099 30.4316047480125 0.416445404017776 0
79.5030903583645 30.5581077657546 0.453955138062758 0
79.7702453361796 30.6947254438703 0.49146487210774 0
80.0320891039743 30.8412655865349 0.528974606152722 0
80.2882532959589 30.9975220388496 0.566484340197705 0
80.5383775364569 31.1632749768639 0.603994074242687 0
80.7821099468876 31.3382912168269 0.641503808287669 0
81.0191076407935 31.5223245432336 0.679013542332651 0
81.2490372062192 31.7151160552052 0.716523276377633 0
81.4715751747592 31.916394530714 0.754033010422616 0
81.6864084766193 32.1258768081434 0.791542744467598 0
81.893234881047 32.3432681846435 0.82905247851258 0
82.0917634215149 32.5682628307238 0.866562212557562 0
82.2817148050568 32.8005442204984 0.904071946602544 0
82.4628218051809 33.0397855769799 0.941581680647526 0
82.6348296378085 33.2856503317941 0.979091414692509 0
82.7974963197079 33.5377925986693 1.01660114873749 0
82.9505930089202 33.7958576600343 1.05411088278247 0
83.0939043266973 34.059482466041 1.09162061682746 0
83.2272286605008 34.3282961453079 1.12913035087244 0
83.3503784476324 34.6019205266676 1.16664008491742 0
83.4631804391012 34.8799706711843 1.2041498189624 0
83.5654759433521 35.1620554136912 1.24165955300738 0
83.6571210495159 35.4477779130876 1.27916928705237 0
83.737986829865 35.7367362106214 1.31667902109735 0
83.8079595211915 36.0285237953703 1.35418875514233 0
83.8669406848503 36.322730176128 1.39169848918731 0
83.9148473452444 36.6189414588891 1.42920822323229 0
83.9516121065563 36.9167409291217 1.46671795727728 0
83.9771832475614 37.2157096380074 1.50422769132226 0
83.99152479439 37.5154269918254 1.54173742536724 0
83.9948041363908 37.8154720724687 1.57239940585998 0
83.9943230880418 38.1155495592492 1.57239940585998 0
83.9938420396927 38.4156270460297 1.57239940585998 0
83.9933609913437 38.7157045328102 1.57239940585998 0
83.9928799429946 39.0157820195908 1.57239940585998 0
83.9923988946456 39.3158595063713 1.57239940585998 0
83.9919178462966 39.6159369931518 1.57239940585998 0
83.9914367979475 39.9160144799323 1.57239940585998 0
83.9909557495985 40.2160919667128 1.57239940585998 0
83.9904747012495 40.5161694534933 1.57239940585998 0
83.9899936529004 40.8162469402738 1.57239940585998 0
83.9895126045514 41.1163244270543 1.57239940585998 0
83.9890315562023 41.4164019138348 1.57239940585998 0
83.9885505078533 41.7164794006153 1.57239940585998 0
83.9880694595043 42.0165568873958 1.57239940585998 0
83.9875884111552 42.3166343741763 1.57239940585998 0
83.9871073628062 42.6167118609568 1.57239940585998 0
83.9866263144571 42.9167893477373 1.57239940585998 0
83.9861452661081 43.2168668345178 1.57239940585998 0
83.9856642177591 43.5169443212983 1.57239940585998 0
83.98518316941 43.8170218080788 1.57239940585998 0
83.984702121061 44.1170992948594 1.57239940585998 0
83.984221072712 44.4171767816399 1.57239940585998 0
83.9837400243629 44.7172542684204 1.57239940585998 0
83.9832589760139 45.0173317552009 1.57239940585998 0
83.9827779276648 45.3174092419814 1.57239940585998 0
83.9822968793158 45.6174867287619 1.57239940585998 0
83.9818158309668 45.9175642155424 1.57239940585998 0
83.9813347826177 46.2176417023229 1.57239940585998 0
83.9808537342687 46.5177191891034 1.57239940585998 0
83.9803726859196 46.8177966758839 1.57239940585998 0
83.9798916375706 47.1178741626644 1.57239940585998 0
83.9794105892216 47.4179516494449 1.57239940585998 0
83.9789295408725 47.7180291362254 1.57239940585998 0
83.9784484925235 48.0181066230059 1.57239940585998 0
83.9779674441745 48.3181841097864 1.57239940585998 0
83.9774863958254 48.618261596567 1.57239940585998 0
83.9770053474764 48.9183390833475 1.57239940585998 0
83.9765242991273 49.218416570128 1.57239940585998 0
83.9760432507783 49.5184940569085 1.57239940585998 0
83.9755622024293 49.818571543689 1.57239940585998 0
83.9750811540802 50.1186490304695 1.57239940585998 0
83.9746001057312 50.41872651725 1.57239940585998 0
83.9741190573822 50.7188040040305 1.57239940585998 0
83.9736380090331 51.018881490811 1.57239940585998 0
83.9731569606841 51.3189589775915 1.57239940585998 0
83.972675912335 51.619036464372 1.57239940585998 0
83.972194863986 51.9191139511525 1.57239940585998 0
83.971713815637 52.219191437933 1.57239940585998 0
83.9712327672879 52.5192689247135 1.57239940585998 0
83.9707517189389 52.819346411494 1.57239940585998 0
83.9702706705899 53.1194238982745 1.57239940585998 0
83.9697896222408 53.419501385055 1.57239940585998 0
83.9693085738918 53.7195788718356 1.57239940585998 0
83.9688275255427 54.0196563586161 1.57239940585998 0
83.9683464771937 54.3197338453966 1.57239940585998 0
83.9678654288447 54.6198113321771 1.57239940585998 0
83.9673843804956 54.9198888189576 1.57239940585998 0
83.9669033321466 55.2199663057381 1.57239940585998 0
83.9664222837976 55.5200437925186 1.57239940585998 0
83.9659412354485 55.8201212792991 1.57239940585998 0
83.9654601870995 56.1201987660796 1.57239940585998 0
83.9649791387504 56.4202762528601 1.57239940585998 0
83.9644980904014 56.7203537396406 1.57239940585998 0
83.9640170420524 57.0204312264211 1.57239940585998 0
83.9635359937033 57.3205087132016 1.57239940585998 0
83.9630549453543 57.6205861999821 1.57239940585998 0
83.9625738970052 57.9206636867626 1.57239940585998 0
83.9620928486562 58.2207411735431 1.57239940585998 0
83.9616118003072 58.5208186603236 1.57239940585998 0
83.9611307519581 58.8208961471042 1.57239940585998 0
83.9606497036091 59.1209736338847 1.57239940585998 0
83.9601686552601 59.4210511206652 1.57239940585998 0
83.959687606911 59.7211286074457 1.57239940585998 0
83.959206558562 60.0212060942262 1.57239940585998 0
83.9587255102129 60.3212835810067 1.57239940585998 0
83.9582444618639 60.6213610677872 1.57239940585998 0
83.9577634135149 60.9214385545677 1.57239940585998 0
83.9572823651658 61.2215160413482 1.57239940585998 0
83.9568013168168 61.5215935281287 1.57239940585998 0
83.9563202684677 61.8216710149092 1.57239940585998 0
83.9558392201187 62.1217485016897 1.57239940585998 0
83.9553581717697 62.4218259884702 1.57239940585998 0
83.9548771234206 62.7219034752507 1.57239940585998 0
83.9543960750716 63.0219809620312 1.57239940585998 0
83.9539150267226 63.3220584488118 1.57239940585998 0
83.9534339783735 63.6221359355923 1.57239940585998 0
83.9529529300245 63.9222134223728 1.57239940585998 0
83.9524718816755 64.2222909091533 1.57239940585998 0
83.9519908333264 64.5223683959338 1.57239940585998 0
83.9515097849774 64.8224458827143 1.57239940585998 0
83.9510287366283 65.1225233694948 1.57239940585998 0
83.9505476882793 65.4226008562753 1.57239940585998 0
83.9500666399303 65.7226783430558 1.57239940585998 0
83.9495855915812 66.0227558298363 1.57239940585998 0
83.9491045432322 66.3228333166168 1.57239940585998 0
83.9486234948832 66.6229108033973 1.57239940585998 0
83.9481424465341 66.9229882901778 1.57239940585998 0
83.9476613981851 67.2230657769583 1.57239940585998 0
83.947180349836 67.5231432637388 1.57239940585998 0
83.946699301487 67.8232207505193 1.57239940585998 0
83.946218253138 68.1232982372998 1.57239940585998 0
83.9457372047889 68.4233757240803 1.57239940585998 0
83.9452561564399 68.7234532108609 1.57239940585998 0
83.9447751080908 69.0235306976414 1.57239940585998 0
83.9442940597418 69.3236081844219 1.57239940585998 0
83.9438130113928 69.6236856712024 1.57239940585998 0
83.9433319630437 69.9237631579829 1.57239940585998 0
83.9428509146947 70.2238406447634 1.57239940585998 0
83.9423698663457 70.5239181315439 1.57239940585998 0
83.9418888179966 70.8239956183244 1.57239940585998 0
83.9414077696476 71.1240731051049 1.57239940585998 0
83.9409267212985 71.4241505918854 1.57239940585998 0
83.9404456729495 71.7242280786659 1.57239940585998 0
83.9399646246005 72.0243055654464 1.57239940585998 0
83.9394835762514 72.3243830522269 1.57239940585998 0
83.9390025279024 72.6244605390074 1.57239940585998 0
83.9385214795533 72.9245380257879 1.57239940585998 0
83.9380404312043 73.2246155125684 1.57239940585998 0
83.9375593828553 73.524692999349 1.57239940585998 0
83.9370783345062 73.8247704861295 1.57239940585998 0
83.9365972861572 74.12484797291 1.57239940585998 0
83.9361162378082 74.4249254596905 1.57239940585998 0
83.9356351894591 74.725002946471 1.57239940585998 0
83.9351541411101 75.0250804332515 1.57239940585998 0
83.934673092761 75.325157920032 1.57239940585998 0
83.934192044412 75.6252354068125 1.57239940585998 0
83.933710996063 75.925312893593 1.57239940585998 0
83.9332299477139 76.2253903803735 1.57239940585998 0
83.9327488993649 76.525467867154 1.57239940585998 0
83.9322678510159 76.8255453539345 1.57239940585998 0
83.9317868026668 77.125622840715 1.57239940585998 0
83.9313057543178 77.4257003274955 1.57239940585998 0
83.9308247059687 77.725777814276 1.57239940585998 0
83.9303436576197 78.0258553010565 1.57239940585998 0
83.9298626092707 78.325932787837 1.57239940585998 0
83.9293815609216 78.6260102746176 1.57239940585998 0
83.9289005125726 78.9260877613981 1.57239940585998 0
83.9284194642236 79.2261652481786 1.57239940585998 0
83.9279384158745 79.5262427349591 1.57239940585998 0
83.9274573675255 79.8263202217396 1.57239940585998 0
83.9269763191764 80.1263977085201 1.57239940585998 0
83.9264952708274 80.4264751953006 1.57239940585998 0
83.9260142224784 80.7265526820811 1.57239940585998 0
83.9255331741293 81.0266301688616 1.57239940585998 0
83.9250521257803 81.3267076556421 1.57239940585998 0
83.9245710774313 81.6267851424226 1.57239940585998 0
83.9240900290822 81.9268626292031 1.57239940585998 0
83.9236089807332 82.2269401159836 1.57239940585998 0
83.9231279323841 82.5270176027641 1.57239940585998 0
83.9226468840351 82.8270950895446 1.57239940585998 0
83.9221658356861 83.1271725763252 1.57239940585998 0
83.921684787337 83.4272500631056 1.57239940585998 0
83.921203738988 83.7273275498862 1.57239940585998 0
83.9207226906389 84.0274050366667 1.57239940585998 0
83.9202416422899 84.3274825234472 1.57239940585998 0
83.9197605939409 84.6275600102277 1.57239940585998 0
83.9192795455918 84.9276374970082 1.57239940585998 0
83.9187984972428 85.2277149837887 1.57239940585998 0
83.9183174488938 85.5277924705692 1.57239940585998 0
83.9178364005447 85.8278699573497 1.57239940585998 0
83.9173553521957 86.1279474441302 1.57239940585998 0
83.9168743038466 86.4280249309107 1.57239940585998 0
83.9163932554976 86.7281024176912 1.57239940585998 0
83.9159122071486 87.0281799044717 1.57239940585998 0
83.9154311587995 87.3282573912522 1.57239940585998 0
83.9149501104505 87.6283348780327 1.57239940585998 0
83.9144690621015 87.9284123648132 1.57239940585998 0
83.9139880137524 88.2284898515937 1.57239940585998 0
83.9135069654034 88.5285673383743 1.57239940585998 0
83.9130259170543 88.8286448251548 1.57239940585998 0
83.9125448687053 89.1287223119353 1.57239940585998 0
83.9120638203563 89.4287997987158 1.57239940585998 0
83.9115827720072 89.7288772854963 1.57239940585998 0
83.9111017236582 90.0289547722768 1.57239940585998 0
83.9106206753091 90.3290322590573 1.57239940585998 0
83.9101396269601 90.6291097458378 1.57239940585998 0
83.9096585786111 90.9291872326183 1.57239940585998 0
83.909177530262 91.2292647193988 1.57239940585998 0
83.908696481913 91.5293422061793 1.57239940585998 0
83.908215433564 91.8294196929598 1.57239940585998 0
83.9077343852149 92.1294971797403 1.57239940585998 0
83.9072533368659 92.4295746665208 1.57239940585998 0
83.9067722885168 92.7296521533013 1.57239940585998 0
83.9062912401678 93.0297296400818 1.57239940585998 0
83.9058101918188 93.3298071268624 1.57239940585998 0
83.9053291434697 93.6298846136429 1.57239940585998 0
83.9048480951207 93.9299621004234 1.57239940585998 0
83.9043670467717 94.2300395872039 1.57239940585998 0
83.9038859984226 94.5301170739844 1.57239940585998 0
83.9034049500736 94.8301945607649 1.57239940585998 0
83.9029239017245 95.1302720475454 1.57239940585998 0
83.9024428533755 95.4303495343259 1.57239940585998 0
83.9019618050265 95.7304270211064 1.57239940585998 0
83.9014807566774 96.0305045078869 1.57239940585998 0
83.9009997083284 96.3305819946674 1.57239940585998 0
83.9005186599794 96.6306594814479 1.57239940585998 0
83.9000376116303 96.9307369682284 1.57239940585998 0
83.8995565632813 97.2308144550089 1.57239940585998 0
83.8990755149322 97.5308919417894 1.57239940585998 0
83.8985944665832 97.8309694285699 1.57239940585998 0
83.8981134182342 98.1310469153505 1.57239940585998 0
83.8976323698851 98.431124402131 1.57239940585998 0
83.8971513215361 98.7312018889115 1.57239940585998 0
83.8966702731871 99.031279375692 1.57239940585998 0
83.896189224838 99.3313568624725 1.57239940585998 0
83.895708176489 99.631434349253 1.57239940585998 0
83.8952271281399 99.9315118360335 1.57239940585998 0
83.8947460797909 100.231589322814 1.57239940585998 0
83.8942650314419 100.531666809594 1.57239940585998 0
83.8937839830928 100.831744296375 1.57239940585998 0
83.8933029347438 101.131821783156 1.57239940585998 0
83.8928218863947 101.431899269936 1.57239940585998 0
83.8923408380457 101.731976756717 1.57239940585998 0
83.8917488764528 102.032053871011 1.57766519057659 0
83.8840610539285 102.332015651126 1.61517492462157 0
83.8651297907318 102.631478135286 1.65268465866655 0
83.8349817196516 102.930020035118 1.69019439271153 0
83.793659253452 103.227221357343 1.72770412675651 0
83.7417735119365 103.519852941341 1.76485574474615 0
83.6790543377074 103.810355401417 1.80200736273578 0
83.6055882884916 104.098327819782 1.83915898072541 0
83.5214767536061 104.383372770317 1.87631059871505 0
83.4268358140319 104.665096867054 1.91346221670468 0
83.3217960822128 104.943111307085 1.95061383469431 0
83.2065025217988 105.217032407136 1.98776545268395 0
83.0811142475846 105.486482133088 2.02491707067358 0
82.9458043059176 105.751088621694 2.06206868866321 0
82.8007594358793 106.01048669378 2.09922030665285 0
82.64617981157 106.264318358224 2.13637192464248 0
82.4822787658514 106.512233306015 2.17352354263211 0
82.3092824959293 106.753889393709 2.21067516062175 0
82.127429751183 106.988953115611 2.24782677861138 0
81.9369715036705 107.217100064047 2.28497839660101 0
81.7381706017663 107.43801537707 2.32213001459065 0
81.5313014074084 107.651394172998 2.35928163258028 0
81.3166494174561 107.856941971176 2.39643325056991 0
81.0945162159273 108.054381331421 2.43215205931981 0
80.8690129098892 108.247988647909 2.43215205931981 0
80.6435096038511 108.441595964397 2.43215205931981 0
80.418006297813 108.635203280886 2.43215205931981 0
80.1925029917749 108.828810597374 2.43215205931981 0
79.9288890819355 109.055138018331 2.43215205931981 0
79.6652751720961 109.281465439288 2.43215205931981 0
79.4016612622566 109.507792860246 2.43215205931981 0
79.1377226823332 109.733739257483 2.44333900630449 0
78.8668274315191 109.951255198683 2.48676933753633 0
78.5867438010955 110.156804661241 2.53019966876816 0
78.298 110.35 2.57363 0
