93.8028 8.59434 -0.847167 0
93.6072278522637 8.82073405530064 -0.860795551834376 0
93.4122169201681 9.04761494277601 -0.860795551834376 0
93.2172059880725 9.27449583025138 -0.860795551834376 0
93.0221950559769 9.50137671772675 -0.860795551834376 0
92.8271841238813 9.72825760520212 -0.860795551834376 0
92.6321731917857 9.95513849267749 -0.860795551834376 0
92.4371622596901 10.1820193801529 -0.860795551834376 0
92.2421513275945 10.4089002676282 -0.860795551834376 0
92.0471403954989 10.6357811551036 -0.860795551834376 0
91.8521294634033 10.862662042579 -0.860795551834376 0
91.6571185313077 11.0895429300543 -0.860795551834376 0
91.4621075992121 11.3164238175297 -0.860795551834376 0
91.2670966671165 11.5433047050051 -0.860795551834376 0
91.0720857350209 11.7701855924804 -0.860795551834376 0
90.8770748029253 11.9970664799558 -0.860795551834376 0
90.6820638708297 12.2239473674312 -0.860795551834376 0
90.4870529387341 12.4508282549065 -0.860795551834376 0
90.2920420066385 12.6777091423819 -0.860795551834376 0
90.0970310745429 12.9045900298573 -0.860795551834376 0
89.9020201424473 13.1314709173327 -0.860795551834376 0
89.7070092103517 13.358351804808 -0.860795551834376 0
89.511998278256 13.5852326922834 -0.860795551834376 0
89.3169873461604 13.8121135797588 -0.860795551834376 0
89.1219764140648 14.0389944672341 -0.860795551834376 0
88.9269654819692 14.2658753547095 -0.860795551834376 0
88.7319545498736 14.4927562421849 -0.860795551834376 0
88.536943617778 14.7196371296602 -0.860795551834376 0
88.3419326856824 14.9465180171356 -0.860795551834376 0
88.1469217535868 15.173398904611 -0.860795551834376 0
87.9519108214912 15.4002797920863 -0.860795551834376 0
87.7568998893956 15.6271606795617 -0.860795551834376 0
87.5618889573 15.8540415670371 -0.860795551834376 0
87.3668780252044 16.0809224545124 -0.860795551834376 0
87.1718670931088 16.3078033419878 -0.860795551834376 0
86.9768561610132 16.5346842294632 -0.860795551834376 0
86.7818452289176 16.7615651169386 -0.860795551834376 0
86.586834296822 16.9884460044139 -0.860795551834376 0
86.3918233647264 17.2153268918893 -0.860795551834376 0
86.1968124326308 17.4422077793647 -0.860795551834376 0
86.0018015005352 17.66908866684 -0.860795551834376 0
85.8067905684396 17.8959695543154 -0.860795551834376 0
85.611779636344 18.1228504417908 -0.860795551834376 0
85.4167687042484 18.3497313292661 -0.860795551834376 0
85.2217577721528 18.5766122167415 -0.860795551834376 0
85.0267468400572 18.8034931042169 -0.860795551834376 0
84.8317359079616 19.0303739916922 -0.860795551834376 0
84.6367249758659 19.2572548791676 -0.860795551834376 0
84.4419346232622 19.4843242751094 -0.86931254976731 0
84.2531807704202 19.7164142431603 -0.906709115606135 0
84.0732362335163 19.9553990415701 -0.944105681444961 0
83.902352636223 20.2009444882976 -0.981502247283786 0
83.740768931937 20.4527072272836 -1.01889881312261 0
83.5887110696412 20.7103352085795 -1.05629537896144 0
83.4463916779511 20.9734681806325 -1.09369194480026 0
83.3120678097531 21.245869358289 -1.13165911502837 0
83.1881805615708 21.5231728975635 -1.16962628525647 0
83.0749084961664 21.8049791117521 -1.20759345548457 0
82.9724148762898 22.0908818242977 -1.24556062571268 0
82.8808474293637 22.3804689542253 -1.28352779594078 0
82.8003381345583 22.6733231100884 -1.32149496616888 0
82.7310030325659 22.9690221915682 -1.35946213639698 0
82.6729420583475 23.2671399978615 -1.39742930662509 0
82.6262388970932 23.5672468419773 -1.43539647685319 0
82.5909608636041 23.8689101700592 -1.47336364708129 0
82.5671588052692 24.1716951848392 -1.5113308173094 0
82.5548670287773 24.4751654723255 -1.5492979875375 0
82.5541032506697 24.77888363082 -1.5872651577656 0
82.5648685718051 25.0824119013603 -1.62523232799371 0
82.5871474757722 25.3853127986755 -1.66319949822181 0
82.6209078512547 25.6871497417483 -1.70116666844991 0
82.6661010383139 25.987487683074 -1.73913383867802 0
82.7226618985243 26.285893735708 -1.77710100890612 0
82.7905089088592 26.5819377972004 -1.81506817913422 0
82.8695442791931 26.8751931695169 -1.85303534936233 0
82.9596540932495 27.1652371740525 -1.89100251959043 0
83.0607084727923 27.451651760852 -1.92896968981853 0
83.1725617648234 27.7340241111594 -1.96693686004664 0
83.2950527515172 28.0119472324269 -2.00490403027474 0
83.4280048825894 28.2850205449268 -2.04287120050284 0
83.5571381735185 28.5276128487458 -2.08083837073095 0
83.4038534403073 28.2654123649158 -2.11880554095905 0
83.2407265553831 28.0092192296228 -2.15677271118715 0
83.0679926388857 27.7594027024518 -2.19473988141525 0
82.8859006578855 27.5163228521727 -2.23270705164336 0
82.8624295333679 27.482853985558 -2.27067422187146 0
83.0515581489473 27.7162054210752 -2.233125685204 0
83.2317935085084 27.9564922098357 -2.19557714853653 0
83.402881529405 28.2033756130741 -2.15802861186906 0
83.5645810242409 28.4565075926001 -2.1204800752016 0
83.7166640408782 28.7155313014366 -2.08293153853413 0
83.8589161837876 28.9800815868771 -2.04538300186667 0
83.9911369162874 29.2497855052507 -2.0078344651992 0
84.113139843246 29.5242628476717 -1.97028592853173 0
84.2247529738475 29.8031266760293 -1.93273739186427 0
84.3258189640522 30.0859838684654 -1.8951888551968 0
84.4161953384086 30.372435673569 -1.85764031852934 0
84.4957546909049 30.6620782725066 -1.82009178186187 0
84.5643848645765 30.9545033482965 -1.7825432451944 0
84.6219891096172 31.2492986614245 -1.74499470852694 0
84.6684862197694 31.5460486309888 -1.70744617185947 0
84.7038106468033 31.8443349205558 -1.66989763519201 0
84.7279125929215 32.1437370279001 -1.63234909852454 0
84.7407580809608 32.4438328777981 -1.59480056185707 0
84.7454835445742 32.744183083218 -1.58533517707932 0
84.7498506911413 33.0445396293535 -1.58533517707932 0
84.7542178377083 33.3448961754889 -1.58533517707932 0
84.7585849842753 33.6452527216244 -1.58533517707932 0
84.7629521308424 33.9456092677598 -1.58533517707932 0
84.7673192774094 34.2459658138953 -1.58533517707932 0
84.7716864239764 34.5463223600307 -1.58533517707932 0
84.7760535705434 34.8466789061662 -1.58533517707932 0
84.7804207171105 35.1470354523016 -1.58533517707932 0
84.7847878636775 35.4473919984371 -1.58533517707932 0
84.7891550102445 35.7477485445725 -1.58533517707932 0
84.7935221568115 36.048105090708 -1.58533517707932 0
84.7978893033786 36.3484616368434 -1.58533517707932 0
84.8022564499456 36.6488181829789 -1.58533517707932 0
84.8066235965126 36.9491747291143 -1.58533517707932 0
84.8109907430796 37.2495312752498 -1.58533517707932 0
84.8153578896467 37.5498878213852 -1.58533517707932 0
84.8197250362137 37.8502443675207 -1.58533517707932 0
84.8240921827807 38.1506009136561 -1.58533517707932 0
84.8284593293478 38.4509574597916 -1.58533517707932 0
84.8328264759148 38.751314005927 -1.58533517707932 0
84.8371936224818 39.0516705520625 -1.58533517707932 0
84.8415607690488 39.3520270981979 -1.58533517707932 0
84.8459279156159 39.6523836443334 -1.58533517707932 0
84.8502950621829 39.9527401904688 -1.58533517707932 0
84.8546622087499 40.2530967366043 -1.58533517707932 0
84.8590293553169 40.5534532827397 -1.58533517707932 0
84.863396501884 40.8538098288752 -1.58533517707932 0
84.867763648451 41.1541663750106 -1.58533517707932 0
84.872130795018 41.4545229211461 -1.58533517707932 0
84.876497941585 41.7548794672815 -1.58533517707932 0
84.8808650881521 42.055236013417 -1.58533517707932 0
84.8852322347191 42.3555925595524 -1.58533517707932 0
84.8895993812861 42.6559491056879 -1.58533517707932 0
84.8939665278532 42.9563056518233 -1.58533517707932 0
84.8983336744202 43.2566621979588 -1.58533517707932 0
84.9027008209872 43.5570187440942 -1.58533517707932 0
84.9070679675542 43.8573752902297 -1.58533517707932 0
84.9114351141213 44.1577318363651 -1.58533517707932 0
84.9158022606883 44.4580883825006 -1.58533517707932 0
84.9201694072553 44.758444928636 -1.58533517707932 0
84.9245365538223 45.0588014747715 -1.58533517707932 0
84.9289037003894 45.3591580209069 -1.58533517707932 0
84.9332708469564 45.6595145670424 -1.58533517707932 0
84.9376379935234 45.9598711131778 -1.58533517707932 0
84.9420051400904 46.2602276593133 -1.58533517707932 0
84.9463722866575 46.5605842054487 -1.58533517707932 0
84.9507394332245 46.8609407515842 -1.58533517707932 0
84.9551065797915 47.1612972977196 -1.58533517707932 0
84.9594737263586 47.4616538438551 -1.58533517707932 0
84.9638408729256 47.7620103899905 -1.58533517707932 0
84.9682080194926 48.062366936126 -1.58533517707932 0
84.9725751660596 48.3627234822614 -1.58533517707932 0
84.9769423126267 48.6630800283969 -1.58533517707932 0
84.9813094591937 48.9634365745323 -1.58533517707932 0
84.9856766057607 49.2637931206678 -1.58533517707932 0
84.9900437523277 49.5641496668032 -1.58533517707932 0
84.9944108988948 49.8645062129387 -1.58533517707932 0
84.9987780454618 50.1648627590741 -1.58533517707932 0
85.0031451920288 50.4652193052096 -1.58533517707932 0
85.0075123385958 50.765575851345 -1.58533517707932 0
85.0118794851629 51.0659323974805 -1.58533517707932 0
85.0162466317299 51.3662889436159 -1.58533517707932 0
85.0206137782969 51.6666454897514 -1.58533517707932 0
85.024980924864 51.9670020358868 -1.58533517707932 0
85.029348071431 52.2673585820223 -1.58533517707932 0
85.033715217998 52.5677151281577 -1.58533517707932 0
85.038082364565 52.8680716742932 -1.58533517707932 0
85.0424495111321 53.1684282204286 -1.58533517707932 0
85.0468166576991 53.4687847665641 -1.58533517707932 0
85.0511838042661 53.7691413126995 -1.58533517707932 0
85.0555509508332 54.0694978588349 -1.58533517707932 0
85.0599180974002 54.3698544049704 -1.58533517707932 0
85.0642852439672 54.6702109511059 -1.58533517707932 0
85.0686523905342 54.9705674972413 -1.58533517707932 0
85.0730195371012 55.2709240433768 -1.58533517707932 0
85.0773866836683 55.5712805895122 -1.58533517707932 0
85.0817538302353 55.8716371356477 -1.58533517707932 0
85.0861209768023 56.1719936817831 -1.58533517707932 0
85.0904881233694 56.4723502279186 -1.58533517707932 0
85.0948552699364 56.772706774054 -1.58533517707932 0
85.0992224165034 57.0730633201894 -1.58533517707932 0
85.1035895630704 57.3734198663249 -1.58533517707932 0
85.1079567096375 57.6737764124603 -1.58533517707932 0
85.1123238562045 57.9741329585958 -1.58533517707932 0
85.1166910027715 58.2744895047313 -1.58533517707932 0
85.1210581493386 58.5748460508667 -1.58533517707932 0
85.1254252959056 58.8752025970022 -1.58533517707932 0
85.1297924424726 59.1755591431376 -1.58533517707932 0
85.1341595890396 59.4759156892731 -1.58533517707932 0
85.1385267356066 59.7762722354085 -1.58533517707932 0
85.1428938821737 60.0766287815439 -1.58533517707932 0
85.1472610287407 60.3769853276794 -1.58533517707932 0
85.1516281753077 60.6773418738148 -1.58533517707932 0
85.1559953218748 60.9776984199503 -1.58533517707932 0
85.1603624684418 61.2780549660857 -1.58533517707932 0
85.1647296150088 61.5784115122212 -1.58533517707932 0
85.1690967615758 61.8787680583566 -1.58533517707932 0
85.1734639081429 62.1791246044921 -1.58533517707932 0
85.1778310547099 62.4794811506275 -1.58533517707932 0
85.1821982012769 62.779837696763 -1.58533517707932 0
85.186565347844 63.0801942428984 -1.58533517707932 0
85.190932494411 63.3805507890339 -1.58533517707932 0
85.195299640978 63.6809073351693 -1.58533517707932 0
85.199666787545 63.9812638813048 -1.58533517707932 0
85.2040339341121 64.2816204274402 -1.58533517707932 0
85.2084010806791 64.5819769735757 -1.58533517707932 0
85.2127682272461 64.8823335197111 -1.58533517707932 0
85.2171353738131 65.1826900658466 -1.58533517707932 0
85.2215025203802 65.483046611982 -1.58533517707932 0
85.2258696669472 65.7834031581175 -1.58533517707932 0
85.2302368135142 66.0837597042529 -1.58533517707932 0
85.2346039600812 66.3841162503884 -1.58533517707932 0
85.2389711066483 66.6844727965238 -1.58533517707932 0
85.2433382532153 66.9848293426593 -1.58533517707932 0
85.2477053997823 67.2851858887947 -1.58533517707932 0
85.2520725463494 67.5855424349302 -1.58533517707932 0
85.2564396929164 67.8858989810656 -1.58533517707932 0
85.2608068394834 68.1862555272011 -1.58533517707932 0
85.2651739860504 68.4866120733365 -1.58533517707932 0
85.2695411326175 68.786968619472 -1.58533517707932 0
85.2739082791845 69.0873251656074 -1.58533517707932 0
85.2782754257515 69.3876817117429 -1.58533517707932 0
85.2826425723185 69.6880382578783 -1.58533517707932 0
85.2870097188856 69.9883948040138 -1.58533517707932 0
85.2913768654526 70.2887513501492 -1.58533517707932 0
85.2957440120196 70.5891078962847 -1.58533517707932 0
85.3001111585866 70.8894644424201 -1.58533517707932 0
85.3044783051537 71.1898209885556 -1.58533517707932 0
85.3088454517207 71.490177534691 -1.58533517707932 0
85.3132125982877 71.7905340808265 -1.58533517707932 0
85.3175797448548 72.0908906269619 -1.58533517707932 0
85.3219468914218 72.3912471730974 -1.58533517707932 0
85.3286242401069 72.6915516137798 -1.60937070667678 0
85.3458406499825 72.9914284567003 -1.64691924334424 0
85.3743022155746 73.2904476282812 -1.68446778001171 0
85.4139688138467 73.5881875931339 -1.72201631667917 0
85.4647845257256 73.8842286192015 -1.75956485334664 0
85.5266777149322 74.1781533694672 -1.79711339001411 0
85.5995611289687 74.4695474902852 -1.83466192668157 0
85.6833320221211 74.7580001955063 -1.87221046334904 0
85.7778723003026 75.0431048455741 -1.9097590000165 0
85.8831616328711 75.3247451725602 -1.94734593297104 0
85.9989601026482 75.6022300041002 -1.98493286592557 0
86.1243062245286 75.8755441918478 -2.00151476314185 0
86.2446897888368 76.1510708054117 -1.96392783018732 0
86.3546345635365 76.4309265965859 -1.92634089723279 0
86.4539852394068 76.7147162379431 -1.88875396427825 0
86.5426014725694 77.0020388450551 -1.85116703132372 0
86.6203580827401 77.2924885427865 -1.81358009836919 0
86.6871452300597 77.585655038639 -1.77599316541465 0
86.7428685702554 77.8811242023346 -1.73840623246012 0
86.7874493879124 78.1784786508209 -1.70081929950559 0
86.8208247076678 78.4772983378711 -1.66323236655105 0
86.8429473831709 78.7771611474459 -1.62564543359652 0
86.8537861636823 79.0776434899796 -1.58805850064199 0
86.8533257382193 79.3783209007473 -1.55047156768746 0
86.8415667571839 79.6787686394683 -1.51288463473292 0
86.8185258314446 79.9785622902993 -1.47529770177839 0
86.7842355088714 80.2772783613691 -1.43771076882386 0
86.7387442283581 80.5744948830074 -1.40012383586932 0
86.6821162513977 80.8697920038246 -1.36253690291479 0
86.614431571305 81.1627525837979 -1.32494996996026 0
86.5357858002177 81.4529627835284 -1.28736303700573 0
86.4462900340337 81.7400126488352 -1.24977610405119 0
86.3460706954753 82.0234966898613 -1.21218917109666 0
86.2352693555034 82.3030144538727 -1.17460223814213 0
86.1140425333329 82.5781710909433 -1.13701530518759 0
85.9825614753315 82.8485779117233 -1.09942837223306 0
85.8410119131153 83.1138529365069 -1.06184143927853 0
85.6895938011826 83.3736214348208 -1.02425450632399 0
85.8177151717042 83.1736508478949 -0.986667573369462 0
85.9882150600303 82.925987961256 -0.949080640414929 0
86.1679012199019 82.6849070592996 -0.911493707460396 0
86.3565198246357 82.45074869561 -0.873906774505863 0
86.5538044294765 82.2238436449162 -0.83631984155133 0
86.7594763479802 82.0045124358361 -0.798732908596797 0
86.9732450456896 81.793064898094 -0.761145975642264 0
87.1948085505461 81.5897997248517 -0.723559042687731 0
87.4238538794596 81.3950040507712 -0.685972109733198 0
87.6600574804311 81.2089530464051 -0.648385176778665 0
87.9241167244271 81.0172357134451 -0.607592716698038 0
88.1957747512025 80.836446508608 -0.56680025661741 0
88.4745795777447 80.6668862278997 -0.526007796536783 0
88.7600673302383 80.5088369847087 -0.485215336456155 0
89.0517630158554 80.3625617404277 -0.444422876375528 0
89.3491813130457 80.2283038669398 -0.403630416294901 0
89.6518273790119 80.1062867416979 -0.362837956214273 0
89.9591976730259 79.9967133760708 -0.322045496133646 0
90.270780794217 79.8997660775738 -0.281253036053019 0
90.5859703183601 79.8152573352332 -0.253872239516236 0
90.9000908112506 79.7268767036258 -0.294664699596863 0
91.21034572464 79.6257594013735 -0.33545715967749 0
91.5162188582453 79.5120736668434 -0.376249619758118 0
91.8172013021621 79.3860086496859 -0.417042079838745 0
92.1127922835871 79.2477740961283 -0.457834539919373 0
92.4025 79.0976 -0.498627 0
