93.8028 8.59434 -0.847167 0
93.6105393474534 8.82024142741927 -0.882668633234526 0
93.4221346091307 9.04939039292702 -0.882668633234526 0
93.233729870808 9.27853935843478 -0.882668633234526 0
93.0453251324852 9.50768832394253 -0.882668633234526 0
92.8569203941625 9.73683728945029 -0.882668633234526 0
92.6685156558398 9.96598625495805 -0.882668633234526 0
92.4801109175171 10.1951352204658 -0.882668633234526 0
92.2917061791943 10.4242841859736 -0.882668633234526 0
92.1033014408716 10.6534331514813 -0.882668633234526 0
91.9148957898464 10.882581366294 -0.882125088118758 0
91.7220328861914 11.1165108466779 -0.881315637827886 0
91.5291679599089 11.3504386603958 -0.881315637827886 0
91.3363030336264 11.5843664741137 -0.881315637827886 0
91.143438107344 11.8182942878317 -0.881315637827886 0
90.9505731810615 12.0522221015496 -0.881315637827886 0
90.757708254779 12.2861499152675 -0.881315637827886 0
90.5648433284965 12.5200777289855 -0.881315637827886 0
90.371978402214 12.7540055427034 -0.881315637827886 0
90.1791134759315 12.9879333564213 -0.881315637827886 0
89.986248549649 13.2218611701393 -0.881315637827886 0
89.7933836233666 13.4557889838572 -0.881315637827886 0
89.6005186970841 13.6897167975752 -0.881315637827886 0
89.4076537708016 13.9236446112931 -0.881315637827886 0
89.2147888445191 14.157572425011 -0.881315637827886 0
89.0219239182366 14.391500238729 -0.881315637827886 0
88.8290589919541 14.6254280524469 -0.881315637827886 0
88.6361940656716 14.8593558661648 -0.881315637827886 0
88.4433291393892 15.0932836798828 -0.881315637827886 0
88.2504642131067 15.3272114936007 -0.881315637827886 0
88.0575992868242 15.5611393073186 -0.881315637827886 0
87.8647343605417 15.7950671210366 -0.881315637827886 0
87.6718694342592 16.0289949347545 -0.881315637827886 0
87.4790045079767 16.2629227484724 -0.881315637827886 0
87.2861395816943 16.4968505621904 -0.881315637827886 0
87.0932746554118 16.7307783759083 -0.881315637827886 0
86.9004097291293 16.9647061896262 -0.881315637827886 0
86.7075448028468 17.1986340033442 -0.881315637827886 0
86.5146798765643 17.4325618170621 -0.881315637827886 0
86.3218149502818 17.66648963078 -0.881315637827886 0
86.1289500239993 17.900417444498 -0.881315637827886 0
85.9360850977169 18.1343452582159 -0.881315637827886 0
85.7432201714344 18.3682730719338 -0.881315637827886 0
85.5503552451519 18.6022008856518 -0.881315637827886 0
85.3574903188694 18.8361286993697 -0.881315637827886 0
85.1646253925869 19.0700565130876 -0.881315637827886 0
84.9717604663044 19.3039843268056 -0.881315637827886 0
84.7788955400219 19.5379121405235 -0.881315637827886 0
84.5860306137395 19.7718399542415 -0.881315637827886 0
84.393165687457 20.0057677679594 -0.881315637827886 0
84.2003007611745 20.2396955816773 -0.881315637827886 0
84.007435834892 20.4736233953953 -0.881315637827886 0
83.8145709086095 20.7075512091132 -0.881315637827886 0
83.621705982327 20.9414790228311 -0.881315637827886 0
83.4319275889521 21.1778976156817 -0.912804920206189 0
83.2511126367629 21.4212369958739 -0.950702624172921 0
83.0796473119593 21.6712524819492 -0.988600328139652 0
82.9177778497346 21.9275850356496 -1.02649803210638 0
82.7657367050084 22.189866547003 -1.06439573607312 0
82.623742218607 22.4577203629532 -1.10229344003985 0
82.4947415515332 22.7247963106484 -1.13937038967199 0
82.3757296357434 22.9964705601509 -1.17644733930413 0
82.2668700581998 23.2723696835996 -1.21352428893628 0
82.1683124510419 23.5521144458635 -1.25060123856842 0
82.080192285911 23.8353203258167 -1.28767818820056 0
82.0012275683569 24.1212255176319 -1.29781305044845 0
81.9159821322825 24.4053099233483 -1.2607361008163 0
81.8202647128692 24.6860391693552 -1.22365915118416 0
81.714206877799 24.9630273813119 -1.18658220155202 0
81.5979544080965 25.2358938270886 -1.14950525191987 0
81.4716670977476 25.5042634400994 -1.11242830228773 0
81.335518534055 25.7677673348471 -1.07535135265559 0
81.1896958590354 26.0260433139719 -1.03827440302345 0
81.0343995121849 26.2787363661076 -1.0011974533913 0
80.8698429549662 26.5254991538594 -0.96412050375916 0
80.6962523773967 26.7659924912346 -0.927043554127016 0
80.5138663871407 26.9998858098674 -0.889966604494873 0
80.3229356815328 27.2268576134 -0.85288965486273 0
80.1237227029842 27.4465959193927 -0.815812705230587 0
79.9165012782438 27.6587986881571 -0.778735755598444 0
79.7015562420119 27.8631742379228 -0.741658805966301 0
79.4791830454229 28.0594416457661 -0.704581856334158 0
79.2496873499347 28.2473311337508 -0.667504906702015 0
79.0133846071845 28.4265844397495 -0.630427957069872 0
78.7705996253863 28.5969551724356 -0.593351007437729 0
78.521666122869 28.7582091499593 -0.556274057805586 0
78.2669262693657 28.91012472184 -0.519197108173442 0
78.0067302156869 29.0524930736348 -0.482120158541299 0
77.7414356124235 29.1851185139623 -0.445043208909156 0
77.4714071183405 29.3078187434893 -0.407966259277013 0
77.1970158991379 29.420425105509 -0.37088930964487 0
76.9186391172681 29.5227828177663 -0.333812360012727 0
76.6366594135094 29.6147511852133 -0.296735410380584 0
76.3419214513152 29.6987326259641 -0.258424421941913 0
76.044183135798 29.7713635024694 -0.220113433503243 0
75.7438814135147 29.8325372251176 -0.181802445064572 0
75.4414569929558 29.8821640182698 -0.143491456625902 0
75.1373536977827 29.9201710520105 -0.105180468187231 0
75.1331054646522 29.9234830391486 -0.0668694797485608 0
75.439225837675 29.9088657217021 -0.0285584913098903 0
75.7456814537658 29.9059840355057 0.00975249712878018 0
76.052022573273 29.9148422095847 0.0480634855674507 0
76.3577996245747 29.9354272441052 0.0863744740061212 0
76.6625638638484 29.9677089294518 0.124685462444792 0
76.9658680336267 30.0116398905622 0.162996450883462 0
77.26726701917 30.0671556564524 0.201307439322133 0
77.5663185016968 30.1341747548311 0.239618427760803 0
77.8625836075087 30.2125988316646 0.277929416199474 0
78.1556275520612 30.3023127955168 0.316240404638144 0
78.4450202780323 30.4031849864515 0.354551393076815 0
78.7303370864544 30.5150673692504 0.392862381515485 0
79.0111592599822 30.6377957506627 0.431173369954156 0
79.2870746773823 30.7711900203668 0.469484358392826 0
79.5576784183424 30.9150544152924 0.507795346831497 0
79.8225733577138 31.0691778069122 0.546106335270167 0
80.0813707483124 31.2333340110847 0.584417323708838 0
80.3285739410778 31.4036110892209 0.621941123454589 0
80.5692151751619 31.5830421297644 0.65946492320034 0
80.8029556589081 31.771374517075 0.696988722946091 0
81.029466316022 31.9683431035701 0.734512522691842 0
81.2484282488672 32.1736705830188 0.772036322437593 0
81.4595331874326 32.3870678809523 0.809560122183344 0
81.6624839233363 32.6082345616439 0.847083921929096 0
81.8569947282565 32.8368592510835 0.884607721674847 0
82.0427917561997 33.0726200753514 0.922131521420598 0
82.2196134290409 33.3151851137755 0.959655321166349 0
82.3872108047912 33.5642128662323 0.9971791209121 0
82.5453479280757 33.8193527339349 1.03470292065785 0
82.693802162329 34.0802455130307 1.0722267204036 0
82.8323645032374 34.3465239003137 1.10975052014935 0
82.9608398729908 34.6178130103398 1.1472743198951 0
83.0790473949264 34.8937309032171 1.18479811964086 0
83.1868206481801 35.1738891223276 1.22232191938661 0
83.284007901985 35.4578932412236 1.25984571913236 0
83.3704723292888 35.7453434189293 1.29736951887811 0
83.4460921993888 36.0358349628649 1.33489331862386 0
83.5107610493126 36.3289588986013 1.37241711836961 0
83.5643878337045 36.6243025456429 1.40994091811536 0
83.6068970530051 36.9214500984285 1.44746471786111 0
83.6382288597454 37.2199832117316 1.48498851760686 0
83.6583391428039 37.5194815896359 1.52251231735262 0
83.6671995895096 37.819523577258 1.56003611709837 0
83.6696478482091 38.1197039665687 1.56273780957733 0
83.6720669115172 38.4198846174503 1.56273780957733 0
83.6744859748254 38.7200652683319 1.56273780957733 0
83.6769050381335 39.0202459192135 1.56273780957733 0
83.6793241014417 39.3204265700951 1.56273780957733 0
83.6817431647498 39.6206072209767 1.56273780957733 0
83.684162228058 39.9207878718583 1.56273780957733 0
83.6865812913661 40.2209685227399 1.56273780957733 0
83.6890003546743 40.5211491736215 1.56273780957733 0
83.6914194179824 40.8213298245031 1.56273780957733 0
83.6938384812906 41.1215104753847 1.56273780957733 0
83.6962575445987 41.4216911262663 1.56273780957733 0
83.6986766079069 41.7218717771479 1.56273780957733 0
83.701095671215 42.0220524280295 1.56273780957733 0
83.7035147345232 42.3222330789111 1.56273780957733 0
83.7059337978313 42.6224137297927 1.56273780957733 0
83.7083528611395 42.9225943806743 1.56273780957733 0
83.7107719244476 43.2227750315559 1.56273780957733 0
83.7131909877558 43.5229556824375 1.56273780957733 0
83.7156100510639 43.8231363333191 1.56273780957733 0
83.7180291143721 44.1233169842007 1.56273780957733 0
83.7204481776803 44.4234976350823 1.56273780957733 0
83.7228672409884 44.7236782859639 1.56273780957733 0
83.7252863042966 45.0238589368456 1.56273780957733 0
83.7277053676047 45.3240395877272 1.56273780957733 0
83.7301244309129 45.6242202386088 1.56273780957733 0
83.732543494221 45.9244008894904 1.56273780957733 0
83.7349625575292 46.224581540372 1.56273780957733 0
83.7373816208373 46.5247621912536 1.56273780957733 0
83.7398006841455 46.8249428421352 1.56273780957733 0
83.7422197474536 47.1251234930168 1.56273780957733 0
83.7446388107618 47.4253041438984 1.56273780957733 0
83.7470578740699 47.72548479478 1.56273780957733 0
83.7494769373781 48.0256654456616 1.56273780957733 0
83.7518960006862 48.3258460965432 1.56273780957733 0
83.7543150639944 48.6260267474248 1.56273780957733 0
83.7567341273025 48.9262073983064 1.56273780957733 0
83.7591531906107 49.226388049188 1.56273780957733 0
83.7615722539188 49.5265687000696 1.56273780957733 0
83.763991317227 49.8267493509512 1.56273780957733 0
83.7664103805351 50.1269300018328 1.56273780957733 0
83.7688294438433 50.4271106527144 1.56273780957733 0
83.7712485071514 50.727291303596 1.56273780957733 0
83.7736675704596 51.0274719544776 1.56273780957733 0
83.7760866337677 51.3276526053592 1.56273780957733 0
83.7785056970759 51.6278332562408 1.56273780957733 0
83.780924760384 51.9280139071224 1.56273780957733 0
83.7833438236922 52.228194558004 1.56273780957733 0
83.7857628870003 52.5283752088856 1.56273780957733 0
83.7881819503085 52.8285558597672 1.56273780957733 0
83.7906010136166 53.1287365106488 1.56273780957733 0
83.7930200769248 53.4289171615304 1.56273780957733 0
83.7954391402329 53.729097812412 1.56273780957733 0
83.7978582035411 54.0292784632936 1.56273780957733 0
83.8002772668492 54.3294591141752 1.56273780957733 0
83.8026963301574 54.6296397650568 1.56273780957733 0
83.8051135492369 54.929820430383 1.56341683189219 0
83.8065305105128 55.2305195612172 1.56618615537835 0
83.8079167956545 55.5312188617927 1.56618615537835 0
83.8093030807962 55.8319181623682 1.56618615537835 0
83.8106893659379 56.1326174629437 1.56618615537835 0
83.8120756510797 56.4333167635193 1.56618615537835 0
83.8134619362214 56.7340160640948 1.56618615537835 0
83.8148482213631 57.0347153646703 1.56618615537835 0
83.8162345065048 57.3354146652458 1.56618615537835 0
83.8176207916466 57.6361139658213 1.56618615537835 0
83.8190070767883 57.9368132663968 1.56618615537835 0
83.82039336193 58.2375125669724 1.56618615537835 0
83.8217796470717 58.5382118675479 1.56618615537835 0
83.8231659322135 58.8389111681234 1.56618615537835 0
83.8245522173552 59.1396104686989 1.56618615537835 0
83.8259385024969 59.4403097692744 1.56618615537835 0
83.8273247876386 59.74100906985 1.56618615537835 0
83.8287110727804 60.0417083704255 1.56618615537835 0
83.8300973579221 60.342407671001 1.56618615537835 0
83.8314836430638 60.6431069715765 1.56618615537835 0
83.8328699282055 60.943806272152 1.56618615537835 0
83.8342562133472 61.2445055727275 1.56618615537835 0
83.835642498489 61.5452048733031 1.56618615537835 0
83.8370287836307 61.8459041738786 1.56618615537835 0
83.8384150687724 62.1466034744541 1.56618615537835 0
83.8398013539141 62.4473027750296 1.56618615537835 0
83.8411876390558 62.7480020756051 1.56618615537835 0
83.8425739241976 63.0487013761807 1.56618615537835 0
83.8439602093393 63.3494006767562 1.56618615537835 0
83.845346494481 63.6500999773317 1.56618615537835 0
83.8467327796227 63.9507992779072 1.56618615537835 0
83.8481190647645 64.2514985784827 1.56618615537835 0
83.8495053499062 64.5521978790583 1.56618615537835 0
83.8508916350479 64.8528971796338 1.56618615537835 0
83.8522779201896 65.1535964802093 1.56618615537835 0
83.8536642053314 65.4542957807848 1.56618615537835 0
83.8550504904731 65.7549950813603 1.56618615537835 0
83.8564367756148 66.0556943819359 1.56618615537835 0
83.8578230607565 66.3563936825114 1.56618615537835 0
83.8592093458983 66.6570929830869 1.56618615537835 0
83.86059563104 66.9577922836624 1.56618615537835 0
83.8619819161817 67.2584915842379 1.56618615537835 0
83.8633682013234 67.5591908848134 1.56618615537835 0
83.8647544864651 67.859890185389 1.56618615537835 0
83.8661407716069 68.1605894859645 1.56618615537835 0
83.8675270567486 68.46128878654 1.56618615537835 0
83.8689133418903 68.7619880871155 1.56618615537835 0
83.870299627032 69.062687387691 1.56618615537835 0
83.8716859121738 69.3633866882666 1.56618615537835 0
83.8730721973155 69.6640859888421 1.56618615537835 0
83.8744584824572 69.9647852894176 1.56618615537835 0
83.8758447675989 70.2654845899931 1.56618615537835 0
83.8772310527407 70.5661838905686 1.56618615537835 0
83.8786173378824 70.8668831911441 1.56618615537835 0
83.8800036230241 71.1675824917197 1.56618615537835 0
83.8813899081658 71.4682817922952 1.56618615537835 0
83.8827761933075 71.7689810928707 1.56618615537835 0
83.8841624784493 72.0696803934462 1.56618615537835 0
83.885548763591 72.3703796940217 1.56618615537835 0
83.8869350487327 72.6710789945973 1.56618615537835 0
83.8883213338744 72.9717782951728 1.56618615537835 0
83.8897076190161 73.2724775957483 1.56618615537835 0
83.8910939041579 73.5731768963238 1.56618615537835 0
83.8924801892996 73.8738761968993 1.56618615537835 0
83.8938664744413 74.1745754974748 1.56618615537835 0
83.895252759583 74.4752747980504 1.56618615537835 0
83.8966390447248 74.7759740986259 1.56618615537835 0
83.8980253298665 75.0766733992014 1.56618615537835 0
83.8994116150082 75.3773726997769 1.56618615537835 0
83.9007979001499 75.6780720003524 1.56618615537835 0
83.9021841852917 75.978771300928 1.56618615537835 0
83.9035704704334 76.2794706015035 1.56618615537835 0
83.9049567555751 76.580169902079 1.56618615537835 0
83.9063430407168 76.8808692026545 1.56618615537835 0
83.9077293258586 77.18156850323 1.56618615537835 0
83.9091156110003 77.4822678038056 1.56618615537835 0
83.910501896142 77.7829671043811 1.56618615537835 0
83.9118881812837 78.0836664049566 1.56618615537835 0
83.9132744664254 78.3843657055321 1.56618615537835 0
83.9146607515672 78.6850650061076 1.56618615537835 0
83.9160470367089 78.9857643066831 1.56618615537835 0
83.9174333218506 79.2864636072587 1.56618615537835 0
83.9188196069923 79.5871629078342 1.56618615537835 0
83.9202058921341 79.8878622084097 1.56618615537835 0
83.9215921772758 80.1885615089852 1.56618615537835 0
83.9229784624175 80.4892608095607 1.56618615537835 0
83.9227060928804 80.7899564981954 1.58654958900998 0
83.9123203509002 81.0904618758626 1.62413740102089 0
83.890649264697 81.3903647095708 1.6617252130318 0
83.8577234485218 81.6892413334018 1.6993130250427 0
83.8135894159269 81.9866695311409 1.73690083705361 0
83.7583095140573 82.282229132732 1.77448864906451 0
83.6919618355741 82.5755026078424 1.81207646107542 0
83.614640108335 82.8660756556981 1.84966427308632 0
83.526453562987 83.1535377903576 1.88725208509723 0
83.4275267786588 83.4374829205956 1.92483989710814 0
83.3179995069705 83.7175099235791 1.96242770911904 0
83.1980264746098 83.9932232115244 2.00001552112995 0
83.0677771647534 84.264233290535 2.03760333314085 0
82.9274355776414 84.5301573108309 2.07519114515176 0
82.7771999706447 84.7906196075914 2.11277895716266 0
82.6172825781914 85.0452522316488 2.15036676917357 0
82.4479093119478 85.2936954692814 2.18795458118448 0
82.2621021380591 85.5449849141076 2.22702245377197 0
82.0666218979196 85.7888253674057 2.26609032635947 0
81.8617669148126 86.0248447031513 2.30515819894697 0
81.6486477637044 86.2534447275961 2.32761774258263 0
81.4340513724067 86.4806703943392 2.32761774258263 0
81.219454981109 86.7078960610823 2.32761774258263 0
81.0048585898113 86.9351217278254 2.32761774258263 0
80.7902621985136 87.1623473945684 2.32761774258263 0
80.5756658072159 87.3895730613115 2.32761774258263 0
80.3610694159182 87.6167987280546 2.32761774258263 0
80.1464730246205 87.8440243947977 2.32761774258263 0
79.9318766333229 88.0712500615408 2.32761774258263 0
79.7172802420252 88.2984757282839 2.32761774258263 0
79.5017923998799 88.5248495659401 2.34517489188751 0
79.2789316663286 88.7439472254223 2.38424276447501 0
79.0476834849935 88.9541732218614 2.42331063706251 0
78.8084007647753 89.1552067284084 2.46237850965001 0
78.5614486761212 89.3467409469151 2.5014463822375 0
78.3072040937364 89.52848357614 2.540514254825 0
78.0460550214339 89.7001572578303 2.5795821274125 0
77.7784 89.8615 2.61865 0
