93.8028 8.59434 -0.847167 0
93.6052669150877 8.82085255239446 -0.854311945568774 0
93.4078875020177 9.04749957742708 -0.854311945568774 0
93.2105080889478 9.27414660245969 -0.854311945568774 0
93.0131286758778 9.50079362749231 -0.854311945568774 0
92.8157492628078 9.72744065252493 -0.854311945568774 0
92.6183698497378 9.95408767755754 -0.854311945568774 0
92.4209904366679 10.1807347025902 -0.854311945568774 0
92.2236110235979 10.4073817276228 -0.854311945568774 0
92.0262316105279 10.6340287526554 -0.854311945568774 0
91.8288521974579 10.860675777688 -0.854311945568774 0
91.631472784388 11.0873228027206 -0.854311945568774 0
91.434093371318 11.3139698277532 -0.854311945568774 0
91.236713958248 11.5406168527859 -0.854311945568774 0
91.0393345451781 11.7672638778185 -0.854311945568774 0
90.8419551321081 11.9939109028511 -0.854311945568774 0
90.6445757190381 12.2205579278837 -0.854311945568774 0
90.4471963059681 12.4472049529163 -0.854311945568774 0
90.2498168928982 12.6738519779489 -0.854311945568774 0
90.0524374798282 12.9004990029816 -0.854311945568774 0
89.8550580667582 13.1271460280142 -0.854311945568774 0
89.6576786536882 13.3537930530468 -0.854311945568774 0
89.4602992406183 13.5804400780794 -0.854311945568774 0
89.2629198275483 13.807087103112 -0.854311945568774 0
89.0655404144783 14.0337341281446 -0.854311945568774 0
88.8681610014084 14.2603811531773 -0.854311945568774 0
88.6707815883384 14.4870281782099 -0.854311945568774 0
88.4734021752684 14.7136752032425 -0.854311945568774 0
88.2760227621984 14.9403222282751 -0.854311945568774 0
88.0786433491285 15.1669692533077 -0.854311945568774 0
87.8812639360585 15.3936162783403 -0.854311945568774 0
87.6838845229885 15.620263303373 -0.854311945568774 0
87.4865051099185 15.8469103284056 -0.854311945568774 0
87.2891256968486 16.0735573534382 -0.854311945568774 0
87.0917462837786 16.3002043784708 -0.854311945568774 0
86.8943668707086 16.5268514035034 -0.854311945568774 0
86.6969874576386 16.753498428536 -0.854311945568774 0
86.4996080445687 16.9801454535687 -0.854311945568774 0
86.3022286314987 17.2067924786013 -0.854311945568774 0
86.1048492184287 17.4334395036339 -0.854311945568774 0
85.9074698053587 17.6600865286665 -0.854311945568774 0
85.7100903922888 17.8867335536991 -0.854311945568774 0
85.5127109792188 18.1133805787317 -0.854311945568774 0
85.3153315661488 18.3400276037644 -0.854311945568774 0
85.1179521530788 18.566674628797 -0.854311945568774 0
84.9205727400089 18.7933216538296 -0.854311945568774 0
84.7231933269389 19.0199686788622 -0.854311945568774 0
84.5258139138689 19.2466157038948 -0.854311945568774 0
84.3284345007989 19.4732627289275 -0.854311945568774 0
84.131055087729 19.6999097539601 -0.854311945568774 0
83.933675674659 19.9265567789927 -0.854311945568774 0
83.736296261589 20.1532038040253 -0.854311945568774 0
83.5389168485191 20.3798508290579 -0.854311945568774 0
83.3415374354491 20.6064978540905 -0.854311945568774 0
83.1441580223791 20.8331448791232 -0.854311945568774 0
82.9467786093091 21.0597919041558 -0.854311945568774 0
82.7493991962392 21.2864389291884 -0.854311945568774 0
82.5520197831692 21.513085954221 -0.854311945568774 0
82.3546403700992 21.7397329792536 -0.854311945568774 0
82.1572609570293 21.9663800042862 -0.854311945568774 0
81.9598815439593 22.1930270293189 -0.854311945568774 0
81.7625021308893 22.4196740543515 -0.854311945568774 0
81.5651227178193 22.6463210793841 -0.854311945568774 0
81.3677433047494 22.8729681044167 -0.854311945568774 0
81.1703638916794 23.0996151294493 -0.854311945568774 0
80.9729844786094 23.3262621544819 -0.854311945568774 0
80.7756050655394 23.5529091795146 -0.854311945568774 0
80.5782256524695 23.7795562045472 -0.854311945568774 0
80.3808462393995 24.0062032295798 -0.854311945568774 0
80.1834668263295 24.2328502546124 -0.854311945568774 0
79.9860874132595 24.459497279645 -0.854311945568774 0
79.7887080001896 24.6861443046776 -0.854311945568774 0
79.5913285871196 24.9127913297103 -0.854311945568774 0
79.3939491740496 25.1394383547429 -0.854311945568774 0
79.1924467567829 25.3624039712484 -0.817138055463915 0
78.9827125334223 25.5776443924919 -0.779569886869183 0
78.7650420121954 25.7848554625981 -0.742001718274451 0
78.5397423700254 25.9837447650349 -0.704433549679718 0
78.3071315500609 26.1740316269596 -0.666865381084986 0
78.0675378129939 26.3554475153047 -0.629297212490253 0
77.8212992738186 26.5277364157323 -0.591729043895522 0
77.5687634246821 26.6906551939215 -0.554160875300789 0
77.3157995653625 26.840839453431 -0.517385420560065 0
77.0574848956504 26.9816214030474 -0.480609965819342 0
76.7950935009595 27.1146816052686 -0.466676585595886 0
76.5323495021345 27.2470499234199 -0.466676585595886 0
76.2696055033094 27.3794182415711 -0.466676585595886 0
76.0068615044844 27.5117865597224 -0.466676585595886 0
75.7441175056593 27.6441548778736 -0.466676585595886 0
75.4813735068342 27.7765231960249 -0.466676585595886 0
75.2186295080092 27.9088915141761 -0.466676585595886 0
74.9558855091841 28.0412598323274 -0.466676585595886 0
74.6931415103591 28.1736281504786 -0.466676585595886 0
74.430397511534 28.3059964686299 -0.466676585595886 0
74.167653512709 28.4383647867811 -0.466676585595886 0
73.9049095138839 28.5707331049324 -0.466676585595886 0
73.6421655150589 28.7031014230836 -0.466676585595886 0
73.3794215162338 28.8354697412349 -0.466676585595886 0
73.1166775174088 28.9678380593861 -0.466676585595886 0
72.8539335185837 29.1002063775373 -0.466676585595886 0
72.5903720588778 29.2309227679278 -0.445210635761881 0
72.3225778159673 29.3527105726962 -0.408435181021158 0
72.0445142727503 29.4668951939747 -0.370858572891475 0
71.7623573584013 29.5705529842654 -0.333281964761792 0
71.4765054320237 29.6635375958369 -0.295705356632109 0
71.1873620694693 29.7457177497282 -0.258128748502426 0
70.8953354935558 29.816977421094 -0.220552140372743 0
70.6008379977236 29.8772160030116 -0.18297553224306 0
70.304285363945 29.9263484485225 -0.145398924113377 0
70.0060962757088 29.9643053907035 -0.107822315983694 0
69.7066917269078 29.9910332406023 -0.070245707854011 0
69.4065864722643 30.0084360721485 -0.0547145970351726 0
69.1064234654145 30.0248757785006 -0.0547145970351726 0
68.8062604585648 30.0413154848528 -0.0547145970351726 0
68.506097451715 30.0577551912049 -0.0547145970351726 0
68.2059344448652 30.074194897557 -0.0547145970351726 0
67.9057714380155 30.0906346039092 -0.0547145970351726 0
67.6056084311657 30.1070743102613 -0.0547145970351726 0
67.305445424316 30.1235140166135 -0.0547145970351726 0
67.0052824174662 30.1399537229656 -0.0547145970351726 0
66.7051194106165 30.1563934293177 -0.0547145970351726 0
66.4049564037667 30.1728331356699 -0.0547145970351726 0
66.1047933969169 30.189272842022 -0.0547145970351726 0
65.8046303900672 30.2057125483741 -0.0547145970351726 0
65.5044673832174 30.2221522547263 -0.0547145970351726 0
65.2043043763677 30.2385919610784 -0.0547145970351726 0
64.9041413695179 30.2550316674306 -0.0547145970351726 0
64.6039783626682 30.2714713737827 -0.0547145970351726 0
64.3038153558184 30.2879110801348 -0.0547145970351726 0
64.0036523489686 30.304350786487 -0.0547145970351726 0
63.7034893421189 30.3207904928391 -0.0547145970351726 0
63.4033263352691 30.3372301991912 -0.0547145970351726 0
63.1031633284194 30.3536699055434 -0.0547145970351726 0
62.8030003215696 30.3701096118955 -0.0547145970351726 0
62.5028373147198 30.3865493182477 -0.0547145970351726 0
62.2026743078701 30.4029890245998 -0.0547145970351726 0
61.9025113010203 30.4194287309519 -0.0547145970351726 0
61.6023482941706 30.4358684373041 -0.0547145970351726 0
61.3021852873208 30.4523081436562 -0.0547145970351726 0
61.0020222804711 30.4687478500083 -0.0547145970351726 0
60.7018592736213 30.4851875563605 -0.0547145970351726 0
60.4016962667715 30.5016272627126 -0.0547145970351726 0
60.1015332599218 30.5180669690648 -0.0547145970351726 0
59.801370253072 30.5345066754169 -0.0547145970351726 0
59.5012072462223 30.550946381769 -0.0547145970351726 0
59.2010442393725 30.5673860881212 -0.0547145970351726 0
58.9008812325227 30.5838257944733 -0.0547145970351726 0
58.600718225673 30.6002655008254 -0.0547145970351726 0
58.3005552188232 30.6167052071776 -0.0547145970351726 0
58.0003922119735 30.6331449135297 -0.0547145970351726 0
57.7002292051237 30.6495846198819 -0.0547145970351726 0
57.400066198274 30.666024326234 -0.0547145970351726 0
57.0999031914242 30.6824640325861 -0.0547145970351726 0
56.7999091478463 30.7015682994835 -0.0805504334179688 0
56.5007959136791 30.7313799574201 -0.118127041547651 0
56.2030137862103 30.7724075866844 -0.155703649677335 0
55.9069831847713 30.8245932630195 -0.193280257807018 0
55.6131220558271 30.8878633088433 -0.230856865936701 0
55.3218452829048 30.962128397269 -0.268433474066383 0
55.0335641008464 31.0472836782202 -0.306010082196067 0
54.7486855152126 31.1432089264619 -0.34358669032575 0
54.4676117276586 31.2497687113384 -0.381163298455432 0
54.1907395680909 31.3668125879797 -0.418739906585115 0
53.9184599344093 31.4941753097043 -0.456316514714799 0
53.6511572406231 31.6316770613205 -0.493893122844481 0
53.3892088741221 31.779123712996 -0.531469730974164 0
53.1298661604539 31.9251668612393 -0.494263073193134 0
52.8652704108962 32.0614618853507 -0.457056415412104 0
52.5957878724535 32.1878201290709 -0.419849757631075 0
52.3217915563051 32.3040666903907 -0.382643099850045 0
52.0436607214914 32.4100406636454 -0.345436442069015 0
51.7617803499532 32.5055953622374 -0.308229784287985 0
51.4765406136486 32.5905985216755 -0.271023126506955 0
51.1883363344872 32.6649324826529 -0.233816468725925 0
50.8975664378263 32.7284943539075 -0.196609810944895 0
50.604633400289 32.7811961546424 -0.159403153163865 0
50.3099426926651 32.8229649363059 -0.122196495382835 0
50.0139022186687 32.8537428835659 -0.0849898376018052 0
49.7169217503277 32.8734873943359 -0.0477831798207752 0
49.4194123607875 32.882171138744 -0.0105765220397454 0
49.121785855313 32.8797820969623 0.0266301357412847 0
48.8244542012786 32.8663235758444 0.0638367935223145 0
48.527828957932 32.841814204348 0.101043451303344 0
48.2323207067248 32.8062879077494 0.138250109084374 0
47.938338482995 32.7597938606848 0.175456766865404 0
47.6462892097906 32.702396419084 0.212663424646434 0
47.3565771346164 32.6341750310903 0.249870082427464 0
47.0696032698844 32.5552241270907 0.287076740208494 0
46.7857648378425 32.4656529890074 0.324283397989524 0
46.5054547207486 32.3655855990325 0.361490055770554 0
46.2290609170532 32.2551604680145 0.398696713551584 0
45.9569660043406 32.1345304437358 0.435903371332614 0
45.689546609775 32.0038624993436 0.473110029113644 0
45.4271728887817 31.8633375022302 0.510316686894674 0
45.5812128757431 31.9554099673836 0.547523344675704 0
45.8324132224028 32.115052161429 0.584730002456734 0
46.0775013342144 32.2839280381259 0.621936660237764 0
46.3161379661713 32.4618038435909 0.659143318018793 0
46.5479928032483 32.6484333664579 0.696349975799823 0
46.7727449176159 32.8435582786779 0.733556633580853 0
46.9900832128606 33.0469084930905 0.770763291361883 0
47.1997068545973 33.2582025372721 0.807969949142913 0
47.4013256868766 33.4771479431428 0.845176606923943 0
47.5946606338118 33.703441651794 0.882383264704973 0
47.779444085869 33.9367704329749 0.919589922486003 0
47.9554202702856 34.1768113186584 0.956796580267033 0
48.1223456051048 34.4232320500855 0.994003238048063 0
48.0171175066545 34.2518721704184 1.03120989582909 0
48.174318681898 34.5036518106013 0.994104617814297 0
48.3407518620715 34.749426490432 0.956999339799501 0
48.2902166405615 34.6847600827531 0.919894061784704 0
48.1060192018599 34.4520016236493 0.882788783769908 0
47.9133139646149 34.2262365062222 0.845683505755112 0
47.712366215277 34.0077755285978 0.808578227740316 0
47.5034525872991 33.7969194337045 0.77147294972552 0
47.2868606803107 33.5939584952565 0.734367671710723 0
47.0628886641957 33.3991721181509 0.697262393695927 0
46.8318448686187 33.2128284538262 0.660157115681131 0
46.594047358565 33.0351840311138 0.623051837666335 0
46.3498234964784 32.8664834030887 0.585946559651539 0
46.0995094915997 32.7069588104074 0.548841281636743 0
45.8443697769029 32.5552485769349 0.541979987751577 0
45.5929671275372 32.3974452037121 0.579085265766373 0
45.3475915186292 32.2304242252047 0.616190543781169 0
45.1085807449646 32.0544155697903 0.653295821795965 0
45.3455162431431 32.2429875182968 0.691150139726947 0
45.5751454454846 32.4403912657096 0.729004457657928 0
45.7971393442551 32.6463439762267 0.766858775588909 0
46.0111798714176 32.8605505652772 0.80471309351989 0
46.2169603543532 33.0827041223124 0.842567411450871 0
46.4141859552552 33.3124863505406 0.880421729381853 0
46.6025740935658 33.5495680229755 0.918276047312834 0
46.7818548508518 33.7936094541456 0.956130365243815 0
46.9517713575379 34.0442609867886 0.993984683174796 0
47.1120801609433 34.3011634928319 1.03183900110578 0
47.2625515740963 34.5639488879443 1.06969331903676 0
47.4029700048238 34.8322406589189 1.10754763696774 0
47.533134264648 35.1056544031328 1.14540195489872 0
47.6528578570443 35.3837983793113 1.1832562728297 0
47.7619692446495 35.6662740688059 1.22111059076068 0
47.8603120950372 35.9526767465837 1.25896490869166 0
47.9477455047072 36.2425960611078 1.29681922662265 0
48.024144200969 36.5356166222808 1.33467354455363 0
48.0893987214296 36.8313185966065 1.37252786248461 0
48.1434155708295 37.1292783087179 1.41038218041559 0
48.1861173549999 37.4290688484107 1.44823649834657 0
48.2174428917519 37.7302606823104 1.48609081627755 0
48.2373472985366 38.0324222692985 1.52394513420853 0
48.2458020567524 38.3351206788156 1.56179945213951 0
48.2427950526054 38.6379222111543 1.59965377007049 0
48.2283305944656 38.9403930188555 1.63750808800148 0
48.2024294066947 39.2420997283146 1.67536240593246 0
48.1651285999519 39.542610060711 1.71321672386344 0
48.1164816180231 39.8414934513667 1.75107104179442 0
48.0565581612474 40.1383216666508 1.7889253597254 0
47.9873715942886 40.4331434248475 1.80450321710177 0
47.9172395888701 40.7277452960589 1.80450321710177 0
47.8471075834515 41.0223471672703 1.80450321710177 0
47.7769755780329 41.3169490384816 1.80450321710177 0
47.7068435726143 41.611550909693 1.80450321710177 0
47.6367115671958 41.9061527809043 1.80450321710177 0
47.5665795617772 42.2007546521157 1.80450321710177 0
47.4964475563586 42.4953565233271 1.80450321710177 0
47.42631555094 42.7899583945384 1.80450321710177 0
47.3561835455215 43.0845602657498 1.80450321710177 0
47.2860515401029 43.3791621369612 1.80450321710177 0
47.2159195346843 43.6737640081725 1.80450321710177 0
47.1457875292657 43.9683658793839 1.80450321710177 0
47.0756555238471 44.2629677505952 1.80450321710177 0
47.0055235184286 44.5575696218066 1.80450321710177 0
46.93539151301 44.852171493018 1.80450321710177 0
46.8652595075914 45.1467733642293 1.80450321710177 0
46.7951275021728 45.4413752354407 1.80450321710177 0
46.7249954967543 45.7359771066521 1.80450321710177 0
46.6548634913357 46.0305789778634 1.80450321710177 0
46.5847314859171 46.3251808490748 1.80450321710177 0
46.5145994804985 46.6197827202861 1.80450321710177 0
46.44446747508 46.9143845914975 1.80450321710177 0
46.3743354696614 47.2089864627089 1.80450321710177 0
46.3065863190341 47.5041348797356 1.77978089708113 0
46.2354242911446 47.8099726424309 1.81903436685311 0
46.1523149700765 48.1127821734159 1.85828783662509 0
46.057386397129 48.4120969531076 1.89754130639707 0
45.9507848227789 48.7074558460665 1.93679477616905 0
45.8326744813613 48.9984038114383 1.97604824594103 0
45.7032373380446 49.2844926040076 2.01530171571301 0
45.5626728084875 49.5652814647806 2.05455518548499 0
45.4111974516124 49.8403378000345 2.09380865525697 0
45.2490446359665 50.1092378477881 2.13306212502895 0
45.0764641801856 50.3715673306646 2.17231559480093 0
44.8937219681143 50.6269220941429 2.2115690645729 0
44.7010995391754 50.8749087292131 2.25082253434488 0
44.4988936546198 51.1151451784769 2.29007600411686 0
44.2874158403255 51.3472613247595 2.32932947388884 0
44.0669919068487 51.5708995613255 2.36858294366082 0
43.8379614474683 51.7857153428216 2.4078364134328 0
43.600677314996 51.9913777160955 2.44708988320478 0
43.3574503254739 52.1900057823085 2.45842644868814 0
43.1138973246273 52.3882363770298 2.45842644868814 0
42.8703443237807 52.5864669717511 2.45842644868814 0
42.6267913229341 52.7846975664724 2.45842644868814 0
42.3832383220875 52.9829281611937 2.45842644868814 0
42.1396853212409 53.181158755915 2.45842644868814 0
41.8959838712204 53.3792060041483 2.46610612091208 0
41.6471253512835 53.5707006734177 2.50535959068406 0
41.3909436316801 53.7522817788356 2.54461306045604 0
41.1278333954594 53.9236695698234 2.58386653022802 0
40.8582 54.0846 2.62312 0
