92.254 58.8316 -0.434459 0
91.9807244388175 58.9522591799929 -0.39711588210552 0
91.7031346552039 59.062631649792 -0.359772764211041 0
91.4216177054767 59.1625635119405 -0.322429646316561 0
91.1365661217832 59.2519154268056 -0.285086528422082 0
90.8483773647751 59.3305628068657 -0.247743410527602 0
90.5574532694103 59.398395990429 -0.210400292633122 0
90.2641994846558 59.4553203945398 -0.173057174738643 0
89.9700858949836 59.5076600623623 -0.192684036536824 0
89.6780057667883 59.5703287847811 -0.230027154431304 0
89.3884689706438 59.643858464058 -0.267370272325783 0
89.1018792211416 59.7281465743491 -0.304713390220263 0
88.8186361236692 59.8230755888305 -0.342056508114743 0
88.5391346172218 59.928513143572 -0.379399626009222 0
88.2637644237209 60.0443122220979 -0.416742743903702 0
87.9929095046063 60.1703113603792 -0.454085861798181 0
87.7269475254614 60.30633487197 -0.491428979692661 0
87.4662493294162 60.4521930929757 -0.528772097587141 0
87.2111784200637 60.60768264651 -0.56611521548162 0
86.9620904546099 60.7725867262724 -0.6034583333761 0
86.7193327479646 60.9466753988519 -0.640801451270579 0
86.4832437884637 61.1297059243333 -0.678144569165059 0
86.2541527658998 61.321423094761 -0.715487687059539 0
86.032379112517 61.5215595899872 -0.752830804954018 0
85.8182320576121 61.7298363504089 -0.790173922848498 0
85.6120101963618 61.9459629660736 -0.827517040742977 0
85.4140010734773 62.1696380816111 -0.864860158637457 0
85.2244807822678 62.4005498164277 -0.902203276531937 0
85.0437135796703 62.6383761995757 -0.939546394426416 0
84.8719515177843 62.8827856186922 -0.976889512320896 0
84.9765007523534 62.7185887055417 -1.01423263021538 0
85.1295469356004 62.4620442925257 -1.05157574810985 0
85.2729084773383 62.199964841964 -1.08891886600433 0
85.4063854819162 61.9327157833967 -1.12626198389881 0
85.5297918361524 61.6606697545885 -1.16360510179329 0
85.6429554688403 61.3842060819422 -1.20094821968777 0
85.7457185906752 61.1037102515865 -1.23829133758225 0
85.8379379142675 60.8195733718747 -1.27563445547673 0
85.9194848539345 60.532191628044 -1.31297757337121 0
85.990245704994 60.2419657297966 -1.35032069126569 0
86.0501218023075 59.9493003525709 -1.38766380916017 0
86.0990296578538 59.654603573284 -1.42500692705465 0
86.1369010771403 59.3582863013314 -1.46235004494913 0
86.1636832542896 59.0607617056367 -1.49969316284361 0
86.1793388456692 58.7624446385507 -1.53703628073809 0
86.1838460219615 58.4637510574043 -1.57437939863257 0
86.1771984986014 58.1650974445192 -1.61172251652705 0
86.1594055445393 57.8669002264873 -1.64906563442153 0
86.1304919693167 57.5695751935284 -1.68640875231601 0
86.0904980884733 57.2735369197338 -1.72375187021049 0
86.0394796673332 56.979198185007 -1.76109498810497 0
85.9880904603629 56.6824518089488 -1.72344736705578 0
85.9474857279886 56.3840330535237 -1.69609832875636 0
85.9098458252026 56.0852133529672 -1.69609832875636 0
85.8722059224167 55.7863936524106 -1.69609832875636 0
85.8345660196307 55.4875739518541 -1.69609832875636 0
85.7969261168447 55.1887542512975 -1.69609832875636 0
85.7592862140588 54.889934550741 -1.69609832875636 0
85.7216463112728 54.5911148501844 -1.69609832875636 0
85.6840064084869 54.2922951496279 -1.69609832875636 0
85.6463665057009 53.9934754490713 -1.69609832875636 0
85.6087266029149 53.6946557485148 -1.69609832875636 0
85.571086700129 53.3958360479582 -1.69609832875636 0
85.533446797343 53.0970163474017 -1.69609832875636 0
85.495806894557 52.7981966468451 -1.69609832875636 0
85.4581669917711 52.4993769462886 -1.69609832875636 0
85.4205270889851 52.200557245732 -1.69609832875636 0
85.3828871861992 51.9017375451755 -1.69609832875636 0
85.3452472834132 51.6029178446189 -1.69609832875636 0
85.3076073806272 51.3040981440624 -1.69609832875636 0
85.2699674778413 51.0052784435058 -1.69609832875636 0
85.2323275750553 50.7064587429493 -1.69609832875636 0
85.1946876722694 50.4076390423927 -1.69609832875636 0
85.1570477694834 50.1088193418362 -1.69609832875636 0
85.1194078666974 49.8099996412797 -1.69609832875636 0
85.0817679639115 49.5111799407231 -1.69609832875636 0
85.0441280611255 49.2123602401666 -1.69609832875636 0
85.0064881583396 48.91354053961 -1.69609832875636 0
84.9688482555536 48.6147208390535 -1.69609832875636 0
84.9312083527676 48.3159011384969 -1.69609832875636 0
84.8935684499817 48.0170814379404 -1.69609832875636 0
84.8559285471957 47.7182617373838 -1.69609832875636 0
84.8182886444097 47.4194420368273 -1.69609832875636 0
84.7806487416238 47.1206223362707 -1.69609832875636 0
84.7430088388378 46.8218026357142 -1.69609832875636 0
84.7053689360519 46.5229829351576 -1.69609832875636 0
84.6677290332659 46.2241632346011 -1.69609832875636 0
84.6300891304799 45.9253435340445 -1.69609832875636 0
84.592449227694 45.626523833488 -1.69609832875636 0
84.554809324908 45.3277041329314 -1.69609832875636 0
84.5171694221221 45.0288844323749 -1.69609832875636 0
84.4795295193361 44.7300647318183 -1.69609832875636 0
84.4418896165501 44.4312450312618 -1.69609832875636 0
84.4042497137642 44.1324253307052 -1.69609832875636 0
84.3666098109782 43.8336056301487 -1.69609832875636 0
84.3289699081922 43.5347859295921 -1.69609832875636 0
84.2913300054063 43.2359662290356 -1.69609832875636 0
84.2536901026203 42.937146528479 -1.69609832875636 0
84.2160501998344 42.6383268279225 -1.69609832875636 0
84.1784102970484 42.3395071273659 -1.69609832875636 0
84.1407703942624 42.0406874268094 -1.69609832875636 0
84.1031304914765 41.7418677262528 -1.69609832875636 0
84.0654905886905 41.4430480256963 -1.69609832875636 0
84.0278506859046 41.1442283251397 -1.69609832875636 0
83.9902107831186 40.8454086245832 -1.69609832875636 0
83.9525708803326 40.5465889240267 -1.69609832875636 0
83.9149309775467 40.2477692234701 -1.69609832875636 0
83.8772910747607 39.9489495229136 -1.69609832875636 0
83.8396511719747 39.650129822357 -1.69609832875636 0
83.8020112691888 39.3513101218005 -1.69609832875636 0
83.7643713664028 39.0524904212439 -1.69609832875636 0
83.7267314636169 38.7536707206874 -1.69609832875636 0
83.6890915608309 38.4548510201308 -1.69609832875636 0
83.6514516580449 38.1560313195743 -1.69609832875636 0
83.613811755259 37.8572116190177 -1.69609832875636 0
83.576171852473 37.5583919184612 -1.69609832875636 0
83.5385319496871 37.2595722179046 -1.69609832875636 0
83.5008920469011 36.9607525173481 -1.69609832875636 0
83.4632521441151 36.6619328167915 -1.69609832875636 0
83.4256122413292 36.363113116235 -1.69609832875636 0
83.3879723385432 36.0642934156784 -1.69609832875636 0
83.3503324357573 35.7654737151219 -1.69609832875636 0
83.3126925329713 35.4666540145653 -1.69609832875636 0
83.2750526301853 35.1678343140088 -1.69609832875636 0
83.2374127273994 34.8690146134522 -1.69609832875636 0
83.1997728246134 34.5701949128957 -1.69609832875636 0
83.1621329218274 34.2713752123391 -1.69609832875636 0
83.1244930190415 33.9725555117826 -1.69609832875636 0
83.0868531162555 33.673735811226 -1.69609832875636 0
83.0492132134696 33.3749161106695 -1.69609832875636 0
83.0115733106836 33.0760964101129 -1.69609832875636 0
82.9739334078976 32.7772767095564 -1.69609832875636 0
82.9362935051117 32.4784570089999 -1.69609832875636 0
82.8986536023257 32.1796373084433 -1.69609832875636 0
82.8610136995398 31.8808176078868 -1.69609832875636 0
82.8233737967538 31.5819979073302 -1.69609832875636 0
82.7857338939678 31.2831782067737 -1.69609832875636 0
82.7480939911819 30.9843585062171 -1.69609832875636 0
82.7104540883959 30.6855388056606 -1.69609832875636 0
82.6728141856099 30.386719105104 -1.69609832875636 0
82.635174282824 30.0878994045475 -1.69609832875636 0
82.597534380038 29.7890797039909 -1.69609832875636 0
82.5598944772521 29.4902600034344 -1.69609832875636 0
82.5222545744661 29.1914403028778 -1.69609832875636 0
82.4846146716801 28.8926206023213 -1.69609832875636 0
82.4469747688942 28.5938009017647 -1.69609832875636 0
82.4093348661082 28.2949812012082 -1.69609832875636 0
82.3716949633223 27.9961615006516 -1.69609832875636 0
82.3340550605363 27.6973418000951 -1.69609832875636 0
82.2964151577503 27.3985220995385 -1.69609832875636 0
82.2587752549644 27.099702398982 -1.69609832875636 0
82.2211353521784 26.8008826984254 -1.69609832875636 0
82.1837525522598 26.5020313130836 -1.6880508391269 0
82.1541566933759 26.2023258786423 -1.65040321807771 0
82.1358623372126 25.9017188613767 -1.61275559702853 0
82.1288954100917 25.6006362743293 -1.57510797597934 0
82.1332657853751 25.2995048045082 -1.53746035493015 0
82.1489672694719 24.9987512081974 -1.49981273388097 0
82.1759776106161 24.6988017061675 -1.46216511283178 0
82.2142585304012 24.400081379646 -1.4245174917826 0
82.2637557780274 24.1030135679024 -1.38686987073341 0
82.3243992071846 23.8080192683019 -1.34922224968422 0
82.3961028754622 23.5155165396783 -1.31157462863504 0
82.479714807011 23.2228178369054 -1.27352148564975 0
82.5744016267923 22.9335119574942 -1.23546834266446 0
82.680026240888 22.6480177778698 -1.19741519967918 0
82.7964357189085 22.3667486556234 -1.15936205669389 0
82.9234615154164 22.0901118310252 -1.12130891370861 0
83.0609197139573 21.8185078373945 -1.08325577072332 0
83.2086112933466 21.5523299211811 -1.04520262773803 0
83.3663224158257 21.2919634725963 -1.00714948475275 0
83.5338247366704 21.0377854676197 -0.969096341767461 0
83.710875734804 20.7901639221877 -0.931043198782175 0
83.8972190639353 20.5494573593554 -0.892990055796889 0
84.0907995266594 20.3145112157413 -0.87909209878741 0
84.2849772983808 20.0800551192177 -0.87909209878741 0
84.4791550701022 19.8455990226942 -0.87909209878741 0
84.6733328418235 19.6111429261706 -0.87909209878741 0
84.8675106135449 19.376686829647 -0.87909209878741 0
85.0616883852663 19.1422307331234 -0.87909209878741 0
85.2558661569877 18.9077746365999 -0.87909209878741 0
85.450043928709 18.6733185400763 -0.87909209878741 0
85.6442217004304 18.4388624435527 -0.87909209878741 0
85.8383994721518 18.2044063470291 -0.87909209878741 0
86.0325772438732 17.9699502505056 -0.87909209878741 0
86.2267550155945 17.735494153982 -0.87909209878741 0
86.4209327873159 17.5010380574584 -0.87909209878741 0
86.6151105590373 17.2665819609348 -0.87909209878741 0
86.8092883307587 17.0321258644112 -0.87909209878741 0
87.00346610248 16.7976697678877 -0.87909209878741 0
87.1976438742014 16.5632136713641 -0.87909209878741 0
87.3918216459228 16.3287575748405 -0.87909209878741 0
87.5859994176442 16.0943014783169 -0.87909209878741 0
87.7801771893655 15.8598453817934 -0.87909209878741 0
87.9743549610869 15.6253892852698 -0.87909209878741 0
88.1685327328083 15.3909331887462 -0.87909209878741 0
88.3627105045297 15.1564770922226 -0.87909209878741 0
88.5568882762511 14.922020995699 -0.87909209878741 0
88.7510660479724 14.6875648991755 -0.87909209878741 0
88.9452438196938 14.4531088026519 -0.87909209878741 0
89.1394215914152 14.2186527061283 -0.87909209878741 0
89.3335993631366 13.9841966096047 -0.87909209878741 0
89.5277771348579 13.7497405130812 -0.87909209878741 0
89.7219549065793 13.5152844165576 -0.87909209878741 0
89.9161326783007 13.280828320034 -0.87909209878741 0
90.1103104500221 13.0463722235104 -0.87909209878741 0
90.3044882217434 12.8119161269869 -0.87909209878741 0
90.4986659934648 12.5774600304633 -0.87909209878741 0
90.6928437651862 12.3430039339397 -0.87909209878741 0
90.8870215369076 12.1085478374161 -0.87909209878741 0
91.0811993086289 11.8740917408925 -0.87909209878741 0
91.2753770803503 11.639635644369 -0.87909209878741 0
91.4695548520717 11.4051795478454 -0.87909209878741 0
91.6637326237931 11.1707234513218 -0.87909209878741 0
91.8579103955144 10.9362673547982 -0.87909209878741 0
92.0520881672358 10.7018112582747 -0.87909209878741 0
92.2462659389572 10.4673551617511 -0.87909209878741 0
92.4404437106786 10.2328990652275 -0.87909209878741 0
92.6346214824 9.99844296870392 -0.87909209878741 0
92.8287992541213 9.76398687218035 -0.87909209878741 0
93.0229770258427 9.52953077565677 -0.87909209878741 0
93.2171547975641 9.29507467913319 -0.87909209878741 0
93.4113325692854 9.06061858260961 -0.87909209878741 0
93.6055103410068 8.82616248608604 -0.87909209878741 0
93.8028 8.59434 -0.847167 0
